162233,4289	0,026	-0,030	1,028	-0,725	0,000	-0,081	-0,052	-0,085	0,115
162233,4378	0,026	-0,030	1,029	-0,826	0,403	-0,027	0,000	0,000	0,000
162233,4478	0,026	-0,030	1,029	-0,524	0,322	0,161	0,000	0,000	0,000
162233,4568	0,026	-0,030	1,028	-0,544	0,443	0,121	0,000	0,000	0,000
162233,4658	0,025	-0,030	1,028	-0,665	0,242	0,027	0,000	0,000	0,000
162233,4747	0,026	-0,030	1,030	-0,443	0,242	0,134	-0,052	-0,085	0,118
162233,4837	0,025	-0,029	1,029	-0,463	0,463	0,121	-0,052	-0,082	0,118
162233,4927	0,025	-0,030	1,028	-0,645	0,584	0,228	-0,052	-0,085	0,115
162233,5017	0,025	-0,030	1,029	-0,403	0,020	0,040	0,000	0,000	0,000
162233,5106	0,025	-0,029	1,029	-0,101	0,322	0,282	0,000	0,000	0,000
162233,5196	0,026	-0,029	1,029	-0,322	0,020	0,094	0,000	0,000	0,000
162233,5286	0,026	-0,029	1,029	-0,483	0,443	0,228	0,000	0,000	0,000
162233,5376	0,025	-0,030	1,028	-0,765	0,282	0,242	-0,052	-0,085	0,118
162233,5466	0,025	-0,030	1,029	-0,383	0,544	0,349	-0,052	-0,082	0,115
162233,5565	0,025	-0,030	1,030	-0,262	0,504	-0,134	-0,048	-0,085	0,115
162233,5655	0,025	-0,029	1,029	-0,685	0,322	0,027	-0,052	-0,085	0,115
162233,5745	0,025	-0,030	1,029	-0,685	0,342	0,054	0,000	0,000	0,000
162233,5845	0,025	-0,030	1,028	-0,383	0,584	0,215	0,000	0,000	0,000
162233,5934	0,026	-0,029	1,028	-0,242	0,383	0,040	0,000	0,000	0,000
162233,6024	0,026	-0,030	1,028	-0,524	0,322	0,134	-0,052	-0,085	0,115
162233,6114	0,026	-0,030	1,029	-0,423	0,483	0,081	-0,052	-0,085	0,115
162233,6203	0,026	-0,030	1,028	-0,161	0,363	0,174	-0,052	-0,085	0,118
162233,6293	0,026	-0,030	1,028	-0,423	0,342	0,013	-0,052	-0,085	0,115
162233,6383	0,025	-0,029	1,029	-0,524	0,262	-0,081	0,000	0,000	0,000
162233,6473	0,026	-0,029	1,029	-0,564	0,383	-0,067	0,000	0,000	0,000
162233,6573	0,025	-0,029	1,028	-0,242	0,342	0,027	0,000	0,000	0,000
162233,6662	0,025	-0,030	1,029	-0,181	0,322	0,000	-0,052	-0,085	0,115
162233,6772	0,026	-0,030	1,028	-0,081	0,423	0,067	-0,052	-0,085	0,118
162233,6862	0,025	-0,030	1,029	-0,222	0,121	0,389	-0,052	-0,085	0,115
162233,6951	0,026	-0,030	1,029	-0,101	0,302	0,027	-0,052	-0,085	0,115
162233,7051	0,026	-0,030	1,028	-0,383	0,403	0,107	0,000	0,000	0,000
162233,7151	0,025	-0,030	1,028	-0,443	0,504	0,161	0,000	0,000	0,000
162233,7241	0,025	-0,030	1,029	-0,765	0,322	0,013	0,000	0,000	0,000
162233,7340	0,025	-0,030	1,029	-0,624	0,302	0,228	0,000	0,000	0,000
162233,7430	0,025	-0,030	1,029	-0,544	0,262	-0,013	-0,052	-0,085	0,118
162233,7520	0,026	-0,030	1,028	-0,322	0,282	0,228	-0,052	-0,085	0,115
162233,7610	0,025	-0,030	1,029	-0,665	0,322	-0,174	0,000	0,000	0,000
162233,7709	0,025	-0,029	1,029	-0,604	0,463	0,067	0,000	0,000	0,000
162233,7809	0,025	-0,029	1,029	-0,141	0,524	0,027	0,000	0,000	0,000
162233,7909	0,026	-0,029	1,028	-0,101	0,201	-0,067	0,000	0,000	0,000
162233,7999	0,026	-0,030	1,028	-0,443	0,604	0,081	-0,048	-0,085	0,115
162233,8089	0,025	-0,029	1,029	-0,443	0,624	0,322	-0,052	-0,082	0,115
162233,8178	0,025	-0,030	1,029	-0,403	0,363	0,040	-0,052	-0,082	0,115
162233,8281	0,025	-0,029	1,029	-0,383	0,504	-0,013	0,000	0,000	0,000
162233,8370	0,026	-0,029	1,029	-0,121	0,443	0,013	0,000	0,000	0,000
162233,8470	0,026	-0,030	1,029	-0,564	0,222	-0,067	0,000	0,000	0,000
162233,8554	0,025	-0,029	1,029	-0,383	0,443	0,188	0,000	0,000	0,000
162233,8644	0,025	-0,029	1,029	-0,222	0,403	0,255	-0,052	-0,085	0,118
162233,8734	0,026	-0,030	1,028	-0,383	0,483	0,000	-0,052	-0,082	0,115
162233,8837	0,026	-0,030	1,029	-0,403	0,403	0,242	-0,052	-0,082	0,115
162233,8926	0,026	-0,031	1,029	-0,383	0,181	-0,067	-0,052	-0,085	0,115
162233,9026	0,025	-0,030	1,029	-0,564	0,262	0,054	0,000	0,000	0,000
162233,9116	0,025	-0,029	1,029	-0,624	0,383	0,174	0,000	0,000	0,000
162233,9206	0,026	-0,030	1,029	-0,665	0,121	-0,134	0,000	0,000	0,000
162233,9305	0,026	-0,031	1,028	-0,504	0,524	0,148	0,000	0,000	0,000
162233,9400	0,025	-0,030	1,029	-0,584	0,463	0,336	-0,052	-0,085	0,115
162233,9490	0,026	-0,031	1,029	-0,504	0,443	0,134	-0,052	-0,088	0,118
162233,9580	0,025	-0,029	1,029	-0,705	0,222	-0,013	-0,052	-0,082	0,115
162233,9679	0,025	-0,029	1,029	-0,645	0,342	-0,067	-0,052	-0,085	0,118
162233,9769	0,026	-0,030	1,029	-0,524	0,282	-0,027	0,000	0,000	0,000
162233,9859	0,026	-0,030	1,028	-0,544	0,544	0,040	0,000	0,000	0,000
162233,9949	0,025	-0,029	1,029	-0,403	0,645	-0,067	0,000	0,000	0,000
162234,0034	0,025	-0,029	1,029	-0,081	0,604	-0,242	0,000	0,000	0,000
162234,0127	0,025	-0,030	1,029	-0,161	0,141	0,027	-0,052	-0,085	0,115
162234,0216	0,026	-0,030	1,029	-0,201	0,725	-0,268	-0,052	-0,085	0,115
162234,0308	0,025	-0,029	1,029	-0,161	0,564	0,013	-0,052	-0,085	0,118
162234,0397	0,025	-0,029	1,029	-0,363	0,363	-0,081	0,000	0,000	0,000
162234,0489	0,025	-0,029	1,029	-0,564	0,081	0,174	0,000	0,000	0,000
162234,0590	0,025	-0,030	1,029	-0,645	0,222	0,027	0,000	0,000	0,000
162234,0682	0,025	-0,029	1,029	-0,443	0,463	0,013	-0,055	-0,085	0,118
162234,0782	0,025	-0,030	1,029	-0,483	0,282	0,188	-0,052	-0,085	0,115
162234,0870	0,025	-0,029	1,029	-0,322	0,483	0,134	-0,052	-0,085	0,115
162234,0972	0,025	-0,030	1,029	-0,403	0,181	0,027	-0,052	-0,085	0,115
162234,1061	0,026	-0,030	1,028	-0,282	0,000	0,094	0,000	0,000	0,000
162234,1153	0,026	-0,030	1,028	-0,584	0,645	0,255	0,000	0,000	0,000
162234,1243	0,026	-0,030	1,028	-0,363	0,383	0,148	0,000	0,000	0,000
162234,1336	0,025	-0,029	1,028	-0,161	0,403	0,013	-0,052	-0,085	0,115
162234,1429	0,025	-0,030	1,028	-0,624	0,725	0,027	-0,052	-0,082	0,115
162234,1522	0,025	-0,029	1,029	-0,141	0,282	0,027	0,000	0,000	0,000
162234,1614	0,027	-0,030	1,028	-0,604	0,383	-0,081	0,000	0,000	0,000
162234,1722	0,026	-0,029	1,028	-0,322	0,463	0,000	0,000	0,000	0,000
162234,1804	0,026	-0,030	1,029	-0,483	0,101	0,107	-0,052	-0,085	0,115
162234,1907	0,026	-0,030	1,029	-0,544	0,161	0,013	-0,052	-0,085	0,118
162234,2000	0,026	-0,030	1,028	-0,181	0,463	-0,013	0,000	0,000	0,000
162234,2092	0,027	-0,030	1,028	-0,645	0,262	0,255	0,000	0,000	0,000
162234,2178	0,027	-0,030	1,029	-0,463	0,403	0,000	0,000	0,000	0,000
162234,2280	0,025	-0,030	1,029	-0,363	0,564	-0,121	0,000	0,000	0,000
162234,2369	0,026	-0,030	1,029	-0,322	0,463	-0,255	-0,052	-0,085	0,115
162234,2453	0,026	-0,030	1,029	-0,302	0,504	-0,148	-0,052	-0,085	0,115
162234,2552	0,026	-0,030	1,028	-0,403	0,463	-0,013	0,000	0,000	0,000
162234,2638	0,025	-0,029	1,029	-0,060	0,544	-0,134	0,000	0,000	0,000
162234,2740	0,025	-0,030	1,028	-0,141	0,161	0,148	0,000	0,000	0,000
162234,2833	0,026	-0,030	1,028	-0,423	0,685	0,027	0,000	0,000	0,000
162234,2941	0,026	-0,029	1,029	-0,322	0,645	0,161	-0,052	-0,085	0,115
162234,3032	0,025	-0,029	1,029	-0,504	0,342	0,013	-0,052	-0,085	0,115
162234,3113	0,025	-0,030	1,028	-0,383	0,141	-0,148	0,000	0,000	0,000
162234,3215	0,025	-0,030	1,029	-0,141	0,403	0,107	0,000	0,000	0,000
162234,3319	0,026	-0,030	1,029	-0,624	0,282	-0,040	0,000	0,000	0,000
162234,3412	0,025	-0,030	1,029	-0,463	0,342	-0,067	0,000	0,000	0,000
162234,3496	0,026	-0,030	1,029	-0,786	0,342	-0,094	-0,052	-0,085	0,118
162234,3590	0,025	-0,028	1,029	-0,483	0,262	0,121	-0,052	-0,085	0,115
162234,3673	0,026	-0,030	1,028	-0,443	0,604	0,215	0,000	0,000	0,000
162234,3763	0,025	-0,030	1,029	-0,483	0,242	0,081	0,000	0,000	0,000
162234,3857	0,026	-0,030	1,029	-0,665	0,544	0,000	0,000	0,000	0,000
162234,3948	0,025	-0,030	1,028	-0,483	0,322	0,000	-0,052	-0,082	0,115
162234,4051	0,025	-0,030	1,028	-0,403	0,322	0,148	-0,052	-0,085	0,115
162234,4142	0,026	-0,030	1,027	-0,403	0,302	0,255	-0,052	-0,085	0,115
162234,4228	0,025	-0,029	1,029	-0,181	0,181	0,027	0,000	0,000	0,000
162234,4319	0,024	-0,030	1,029	-0,423	0,342	0,094	0,000	0,000	0,000
162234,4409	0,025	-0,029	1,029	-0,121	0,322	-0,107	0,000	0,000	0,000
162234,4498	0,026	-0,030	1,028	-0,564	0,544	0,121	-0,052	-0,085	0,112
162234,4596	0,025	-0,029	1,028	-0,403	0,322	-0,054	-0,052	-0,085	0,115
162234,4686	0,024	-0,030	1,028	-0,282	0,121	0,040	-0,052	-0,085	0,115
162234,4787	0,025	-0,030	1,029	-0,463	0,282	-0,027	-0,052	-0,085	0,115
162234,4888	0,025	-0,030	1,028	-0,685	0,161	-0,148	-0,052	-0,085	0,118
162234,4989	0,025	-0,030	1,028	-0,524	0,322	0,134	0,000	0,000	0,000
162234,5079	0,025	-0,029	1,029	-0,443	0,383	0,000	0,000	0,000	0,000
162234,5180	0,025	-0,030	1,029	-0,604	0,483	-0,040	0,000	0,000	0,000
162234,5280	0,026	-0,030	1,028	-0,383	0,483	0,215	-0,052	-0,085	0,115
162234,5365	0,026	-0,030	1,028	-0,121	0,242	0,067	-0,052	-0,082	0,115
162234,5455	0,025	-0,030	1,029	-0,342	0,624	-0,027	0,000	0,000	0,000
162234,5549	0,025	-0,029	1,029	-0,363	0,081	-0,054	0,000	0,000	0,000
162234,5638	0,025	-0,029	1,029	-0,524	0,443	0,000	0,000	0,000	0,000
162234,5725	0,026	-0,030	1,028	-0,705	0,584	0,309	-0,052	-0,085	0,115
162234,5814	0,025	-0,029	1,028	-0,846	0,443	0,107	-0,052	-0,085	0,115
162234,5919	0,025	-0,029	1,028	-0,665	0,463	0,000	-0,052	-0,085	0,115
162234,6009	0,024	-0,028	1,029	-0,443	0,524	-0,148	-0,052	-0,082	0,115
162234,6099	0,025	-0,030	1,028	-0,504	0,403	0,000	0,000	0,000	0,000
162234,6188	0,025	-0,029	1,029	-0,463	0,181	0,040	0,000	0,000	0,000
162234,6277	0,025	-0,030	1,029	-0,584	0,342	0,000	0,000	0,000	0,000
162234,6377	0,025	-0,029	1,029	-0,826	0,544	0,000	-0,052	-0,085	0,115
162234,6466	0,025	-0,029	1,028	-0,463	0,463	0,094	0,000	0,000	0,000
162234,6556	0,026	-0,030	1,028	-0,383	0,322	0,215	0,000	0,000	0,000
162234,6646	0,025	-0,030	1,028	-0,201	0,060	0,228	0,000	0,000	0,000
162234,6735	0,025	-0,029	1,029	-0,685	0,383	0,054	0,000	0,000	0,000
162234,6835	0,026	-0,030	1,028	-0,443	0,564	-0,054	-0,052	-0,085	0,115
162234,6925	0,026	-0,030	1,029	-0,483	0,383	0,013	-0,052	-0,085	0,115
162234,7015	0,026	-0,030	1,027	-0,423	0,161	-0,027	-0,052	-0,085	0,112
162234,7104	0,025	-0,030	1,029	-0,685	0,302	0,201	-0,052	-0,085	0,115
162234,7194	0,026	-0,030	1,028	-0,403	0,483	0,228	0,000	0,000	0,000
162234,7284	0,026	-0,029	1,028	-0,524	-0,020	0,081	0,000	0,000	0,000
162234,7374	0,025	-0,029	1,028	-0,846	0,463	-0,067	-0,052	-0,085	0,115
162234,7464	0,026	-0,030	1,028	-0,604	0,463	-0,174	-0,052	-0,085	0,115
162234,7553	0,025	-0,029	1,029	-0,423	0,342	0,000	0,000	0,000	0,000
162234,7644	0,025	-0,029	1,028	-0,624	0,222	0,054	0,000	0,000	0,000
162234,7733	0,025	-0,029	1,029	-0,161	0,483	0,134	0,000	0,000	0,000
162234,7823	0,025	-0,029	1,029	-0,564	0,101	0,242	0,000	0,000	0,000
162234,7922	0,026	-0,030	1,029	-0,363	0,262	0,148	-0,052	-0,082	0,112
162234,8012	0,026	-0,030	1,028	-0,423	0,262	0,107	-0,052	-0,085	0,115
162234,8102	0,025	-0,028	1,029	-0,423	0,564	0,161	-0,052	-0,085	0,115
162234,8192	0,025	-0,030	1,028	-0,463	0,262	-0,013	0,000	0,000	0,000
162234,8282	0,025	-0,030	1,028	-0,564	0,443	0,094	0,000	0,000	0,000
162234,8365	0,026	-0,030	1,029	-0,463	0,624	0,040	0,000	0,000	0,000
162234,8472	0,026	-0,030	1,028	-0,322	0,423	0,013	0,000	0,000	0,000
162234,8562	0,026	-0,030	1,029	-0,564	0,483	0,094	-0,052	-0,085	0,112
162234,8652	0,024	-0,029	1,029	-0,544	0,000	-0,040	-0,052	-0,085	0,115
162234,8752	0,025	-0,030	1,029	-0,403	0,141	-0,134	0,000	0,000	0,000
162234,8839	0,025	-0,030	1,028	-0,584	0,383	0,201	0,000	0,000	0,000
162234,8929	0,026	-0,029	1,028	-0,584	0,242	-0,027	0,000	0,000	0,000
162234,9018	0,026	-0,029	1,029	-0,584	0,544	0,174	0,000	0,000	0,000
162234,9109	0,025	-0,030	1,028	-0,604	0,564	0,201	-0,052	-0,085	0,115
162234,9198	0,026	-0,030	1,028	-0,463	0,624	0,336	-0,052	-0,085	0,115
162234,9288	0,025	-0,029	1,029	-0,242	0,242	0,094	-0,052	-0,085	0,115
162234,9377	0,025	-0,030	1,028	-0,443	0,403	-0,081	0,000	0,000	0,000
162234,9467	0,025	-0,029	1,029	-0,423	0,383	0,081	0,000	0,000	0,000
162234,9556	0,025	-0,030	1,028	-0,443	0,564	0,228	-0,052	-0,085	0,115
162234,9646	0,026	-0,030	1,028	-0,302	0,604	0,134	-0,052	-0,085	0,115
162234,9736	0,026	-0,029	1,028	-0,463	0,302	-0,121	0,000	0,000	0,000
162234,9826	0,026	-0,029	1,029	-0,302	0,504	0,027	0,000	0,000	0,000
162234,9916	0,025	-0,029	1,029	-0,403	0,443	-0,067	0,000	0,000	0,000
162235,0005	0,025	-0,030	1,028	-0,483	0,282	-0,201	0,000	0,000	0,000
162235,0095	0,025	-0,029	1,029	-0,383	0,282	0,000	-0,052	-0,082	0,115
162235,0185	0,026	-0,030	1,029	-0,403	0,342	0,054	-0,052	-0,085	0,118
162235,0291	0,025	-0,030	1,029	-0,463	0,423	-0,040	-0,052	-0,085	0,115
162235,0381	0,026	-0,030	1,029	-0,363	0,302	0,228	-0,052	-0,085	0,115
162235,0469	0,026	-0,029	1,028	-0,624	0,504	0,161	0,000	0,000	0,000
162235,0558	0,026	-0,030	1,028	-0,645	0,302	0,013	0,000	0,000	0,000
162235,0649	0,026	-0,031	1,028	-0,463	0,463	0,148	-0,052	-0,082	0,115
162235,0742	0,026	-0,030	1,028	-0,423	0,242	0,094	-0,052	-0,085	0,115
162235,0832	0,025	-0,030	1,028	-0,705	0,403	0,134	-0,052	-0,085	0,115
162235,0913	0,025	-0,029	1,028	-0,665	0,181	0,107	-0,052	-0,085	0,112
162235,1012	0,026	-0,030	1,028	-0,201	0,302	0,027	0,000	0,000	0,000
162235,1097	0,026	-0,030	1,029	-0,423	0,544	-0,107	0,000	0,000	0,000
162235,1187	0,026	-0,030	1,028	-0,483	0,483	-0,174	0,000	0,000	0,000
162235,1292	0,024	-0,029	1,028	-0,504	0,504	0,242	0,000	0,000	0,000
162235,1379	0,026	-0,029	1,028	-0,262	0,302	0,013	-0,052	-0,085	0,115
162235,1479	0,026	-0,029	1,029	-0,161	0,201	0,000	-0,052	-0,085	0,115
162235,1571	0,025	-0,029	1,029	-0,363	0,222	-0,215	-0,052	-0,085	0,115
162235,1655	0,026	-0,030	1,028	-0,483	0,645	0,013	0,000	0,000	0,000
162235,1760	0,026	-0,030	1,028	-0,262	0,242	0,054	0,000	0,000	0,000
162235,1859	0,026	-0,030	1,028	-0,322	0,383	0,134	0,000	0,000	0,000
162235,1949	0,025	-0,030	1,029	-0,584	0,544	0,242	0,000	0,000	0,000
162235,2038	0,025	-0,030	1,029	-0,806	0,463	-0,067	-0,052	-0,085	0,115
162235,2138	0,025	-0,030	1,028	-0,624	0,504	0,309	-0,052	-0,085	0,112
162235,2227	0,025	-0,030	1,028	-0,544	0,081	0,201	-0,052	-0,085	0,118
162235,2317	0,026	-0,031	1,029	-0,705	0,181	0,013	-0,052	-0,085	0,112
162235,2407	0,026	-0,030	1,029	-0,403	0,222	0,174	0,000	0,000	0,000
162235,2497	0,025	-0,029	1,029	-0,544	0,302	0,148	0,000	0,000	0,000
162235,2586	0,025	-0,029	1,028	-0,363	0,342	0,081	0,000	0,000	0,000
162235,2676	0,025	-0,029	1,029	-0,081	0,483	0,081	-0,052	-0,085	0,115
162235,2766	0,025	-0,030	1,029	-0,524	0,423	-0,040	-0,052	-0,085	0,115
162235,2856	0,025	-0,029	1,029	-0,645	0,524	0,255	-0,052	-0,085	0,115
162235,2959	0,025	-0,029	1,029	-0,665	0,645	0,215	-0,052	-0,085	0,115
162235,3059	0,026	-0,030	1,029	-0,504	0,342	0,107	0,000	0,000	0,000
162235,3143	0,025	-0,029	1,029	-0,342	0,322	-0,040	0,000	0,000	0,000
162235,3244	0,025	-0,030	1,029	-0,363	0,363	0,268	0,000	0,000	0,000
162235,3334	0,025	-0,029	1,029	-0,242	0,645	-0,027	-0,052	-0,082	0,112
162235,3424	0,025	-0,029	1,029	-0,483	0,242	-0,174	-0,052	-0,085	0,118
162235,3513	0,026	-0,031	1,029	-0,363	0,141	0,228	-0,052	-0,085	0,115
162235,3603	0,025	-0,029	1,029	-0,363	0,423	0,094	0,000	0,000	0,000
162235,3693	0,025	-0,029	1,029	-0,564	0,161	-0,121	0,000	0,000	0,000
162235,3783	0,025	-0,030	1,029	-0,544	0,101	0,000	0,000	0,000	0,000
162235,3889	0,025	-0,030	1,028	-0,322	0,161	-0,268	0,000	0,000	0,000
162235,3978	0,026	-0,030	1,028	-0,282	0,403	-0,121	0,000	0,000	0,000
162235,4068	0,025	-0,030	1,029	-0,624	0,282	-0,121	-0,052	-0,085	0,115
162235,4158	0,025	-0,029	1,029	-0,262	0,201	-0,054	-0,052	-0,085	0,112
162235,4248	0,025	-0,029	1,029	-0,262	0,463	0,081	-0,052	-0,085	0,115
162235,4337	0,025	-0,030	1,028	-0,403	0,322	0,067	-0,052	-0,085	0,115
162235,4427	0,026	-0,030	1,029	-0,624	0,584	0,107	0,000	0,000	0,000
162235,4528	0,026	-0,030	1,029	-0,645	0,584	0,268	0,000	0,000	0,000
162235,4618	0,025	-0,030	1,029	-0,705	0,423	0,188	0,000	0,000	0,000
162235,4718	0,025	-0,029	1,029	-0,383	0,584	0,094	0,000	0,000	0,000
162235,4809	0,026	-0,030	1,029	-0,060	0,181	0,148	-0,052	-0,085	0,115
162235,4910	0,026	-0,030	1,029	-0,342	0,181	-0,107	-0,052	-0,085	0,115
162235,4993	0,026	-0,031	1,028	-0,463	0,302	0,094	0,000	0,000	0,000
162235,5083	0,025	-0,029	1,029	-0,403	0,463	0,107	0,000	0,000	0,000
162235,5183	0,025	-0,030	1,028	-0,604	0,705	-0,027	0,000	0,000	0,000
162235,5273	0,025	-0,030	1,028	-0,463	0,604	0,121	0,000	0,000	0,000
162235,5363	0,025	-0,030	1,030	-0,645	0,463	0,148	-0,052	-0,085	0,112
162235,5472	0,026	-0,030	1,029	-0,826	0,363	0,013	-0,052	-0,085	0,115
162235,5562	0,025	-0,030	1,029	-0,604	0,141	0,040	-0,052	-0,085	0,115
162235,5662	0,026	-0,030	1,029	-0,705	0,443	0,174	-0,052	-0,085	0,115
162235,5752	0,026	-0,030	1,029	-0,403	0,584	0,027	-0,052	-0,085	0,115
162235,5842	0,025	-0,030	1,029	-0,383	0,121	0,013	0,000	0,000	0,000
162235,5942	0,026	-0,030	1,029	-0,443	0,564	0,067	0,000	0,000	0,000
162235,6031	0,025	-0,030	1,028	-0,463	0,342	0,000	-0,048	-0,085	0,115
162235,6121	0,026	-0,030	1,029	-0,483	0,242	0,027	-0,052	-0,085	0,115
162235,6210	0,026	-0,030	1,029	-0,282	0,624	0,188	-0,052	-0,085	0,115
162235,6311	0,025	-0,030	1,028	-0,121	0,463	0,081	-0,052	-0,085	0,115
162235,6401	0,026	-0,029	1,029	-0,322	0,242	-0,161	0,000	0,000	0,000
162235,6488	0,025	-0,030	1,028	-0,282	0,383	0,000	-0,052	-0,085	0,115
162235,6590	0,026	-0,030	1,029	-0,504	0,161	0,148	-0,052	-0,085	0,112
162235,6691	0,025	-0,030	1,029	-0,383	0,262	0,121	-0,052	-0,085	0,115
162235,6780	0,026	-0,030	1,028	-0,141	0,504	-0,094	0,000	0,000	0,000
162235,6868	0,026	-0,030	1,029	-0,363	0,383	0,174	0,000	0,000	0,000
162235,6958	0,025	-0,030	1,029	-0,242	0,342	0,295	0,000	0,000	0,000
162235,7048	0,025	-0,030	1,029	-0,443	0,302	0,027	0,000	0,000	0,000
162235,7138	0,026	-0,029	1,029	-0,564	0,262	0,040	0,000	0,000	0,000
162235,7238	0,025	-0,029	1,028	-0,322	0,322	0,000	-0,052	-0,085	0,115
162235,7331	0,026	-0,030	1,029	-0,423	0,081	-0,174	-0,052	-0,085	0,115
162235,7423	0,025	-0,030	1,029	-0,383	0,645	0,000	-0,052	-0,085	0,115
162235,7523	0,025	-0,030	1,029	-0,443	0,302	-0,081	-0,052	-0,085	0,118
162235,7613	0,025	-0,030	1,028	-0,322	0,564	0,081	0,000	0,000	0,000
162235,7703	0,025	-0,029	1,028	-0,101	0,141	0,282	-0,052	-0,085	0,115
162235,7793	0,026	-0,029	1,029	-0,121	0,242	0,000	-0,052	-0,085	0,112
162235,7883	0,025	-0,029	1,029	-0,181	0,363	-0,013	-0,052	-0,085	0,115
162235,7973	0,025	-0,029	1,029	-0,141	0,322	0,040	-0,052	-0,085	0,115
162235,8081	0,026	-0,030	1,028	-0,504	0,302	-0,027	0,000	0,000	0,000
162235,8170	0,026	-0,030	1,029	-0,524	0,262	0,054	0,000	0,000	0,000
162235,8253	0,026	-0,030	1,029	-0,604	0,342	-0,040	0,000	0,000	0,000
162235,8351	0,025	-0,030	1,029	-0,705	0,302	0,107	0,000	0,000	0,000
162235,8443	0,026	-0,029	1,029	-0,524	0,504	-0,081	-0,052	-0,085	0,115
162235,8543	0,026	-0,030	1,029	-0,483	0,020	-0,054	-0,052	-0,085	0,115
162235,8634	0,025	-0,029	1,030	-0,524	0,262	-0,054	0,000	0,000	0,000
162235,8734	0,026	-0,030	1,029	-0,121	0,322	0,215	0,000	0,000	0,000
162235,8827	0,026	-0,030	1,029	-0,443	0,262	0,081	0,000	0,000	0,000
162235,8930	0,026	-0,029	1,030	-0,383	0,443	0,121	0,000	0,000	0,000
162235,9013	0,026	-0,031	1,028	-0,463	0,141	0,094	0,000	0,000	0,000
162235,9111	0,026	-0,030	1,029	-0,383	0,645	0,054	-0,052	-0,085	0,115
162235,9198	0,025	-0,030	1,028	-0,363	0,423	-0,336	-0,052	-0,085	0,115
162235,9290	0,026	-0,030	1,028	-0,423	0,886	-0,121	-0,052	-0,085	0,115
162235,9381	0,025	-0,030	1,028	-0,624	0,544	0,148	0,000	0,000	0,000
162235,9469	0,026	-0,031	1,028	-0,544	0,363	0,054	0,000	0,000	0,000
162235,9560	0,025	-0,030	1,029	-0,383	0,443	-0,188	-0,052	-0,085	0,115
162235,9646	0,025	-0,031	1,028	-0,846	0,463	0,040	-0,052	-0,085	0,115
162235,9736	0,024	-0,029	1,029	-0,524	0,544	-0,054	-0,052	-0,085	0,115
162235,9839	0,026	-0,031	1,029	-0,524	0,463	0,000	0,000	0,000	0,000
162235,9929	0,025	-0,030	1,029	-0,645	0,403	-0,081	0,000	0,000	0,000
162236,0018	0,025	-0,031	1,028	-0,423	0,262	0,000	0,000	0,000	0,000
162236,0108	0,026	-0,031	1,028	-0,262	0,302	-0,067	-0,052	-0,085	0,115
162236,0198	0,025	-0,029	1,029	-0,423	0,141	0,054	-0,052	-0,085	0,115
162236,0300	0,025	-0,029	1,030	-0,363	0,242	-0,121	0,000	0,000	0,000
162236,0390	0,025	-0,030	1,029	-0,363	0,363	0,255	0,000	0,000	0,000
162236,0479	0,025	-0,030	1,029	-0,483	0,222	-0,040	0,000	0,000	0,000
162236,0569	0,026	-0,031	1,029	-0,463	0,584	-0,054	-0,052	-0,082	0,112
162236,0659	0,026	-0,031	1,028	-0,524	0,524	0,148	-0,052	-0,085	0,115
162236,0749	0,026	-0,030	1,029	-0,504	0,181	-0,174	-0,052	-0,082	0,115
162236,0838	0,026	-0,030	1,029	-0,463	0,020	-0,309	-0,052	-0,085	0,115
162236,0928	0,025	-0,030	1,028	-0,927	0,161	0,242	0,000	0,000	0,000
162236,1018	0,025	-0,030	1,029	-0,685	0,222	0,121	0,000	0,000	0,000
162236,1108	0,025	-0,030	1,029	-0,483	0,282	-0,161	0,000	0,000	0,000
162236,1209	0,025	-0,030	1,029	-0,161	0,363	0,054	-0,052	-0,085	0,115
162236,1296	0,025	-0,029	1,028	-0,483	0,443	0,067	-0,052	-0,082	0,115
162236,1398	0,025	-0,029	1,028	-0,544	0,242	0,268	0,000	0,000	0,000
162236,1488	0,025	-0,029	1,029	-0,443	0,504	0,094	0,000	0,000	0,000
162236,1591	0,026	-0,031	1,029	-0,363	0,383	0,309	0,000	0,000	0,000
162236,1680	0,026	-0,031	1,029	-0,262	0,322	-0,121	0,000	0,000	0,000
162236,1770	0,025	-0,030	1,029	-0,685	0,423	0,121	-0,052	-0,085	0,112
162236,1860	0,025	-0,030	1,029	-0,665	0,504	0,188	-0,052	-0,085	0,115
162236,1950	0,025	-0,030	1,029	-0,564	0,504	0,027	-0,052	-0,085	0,115
162236,2037	0,025	-0,029	1,029	-0,524	0,463	-0,094	0,000	0,000	0,000
162236,2126	0,025	-0,030	1,029	-0,665	0,403	-0,027	0,000	0,000	0,000
162236,2217	0,025	-0,030	1,029	-0,685	0,564	0,040	0,000	0,000	0,000
162236,2306	0,026	-0,030	1,028	-0,504	0,463	0,081	-0,048	-0,085	0,115
162236,2396	0,025	-0,030	1,029	-0,463	0,463	-0,094	-0,052	-0,085	0,115
162236,2496	0,026	-0,030	1,028	-0,443	0,282	-0,161	-0,052	-0,085	0,115
162236,2586	0,025	-0,029	1,029	-0,584	0,383	-0,081	-0,052	-0,085	0,112
162236,2675	0,025	-0,030	1,029	-0,483	0,504	-0,054	0,000	0,000	0,000
162236,2765	0,026	-0,029	1,029	-0,524	0,242	0,067	0,000	0,000	0,000
162236,2861	0,025	-0,030	1,028	-0,423	0,242	-0,040	0,000	0,000	0,000
162236,2960	0,025	-0,030	1,029	-0,403	0,423	0,067	-0,052	-0,085	0,115
162236,3050	0,025	-0,030	1,029	-0,564	0,242	-0,027	-0,052	-0,085	0,115
162236,3141	0,026	-0,031	1,029	-0,463	0,383	0,228	0,000	0,000	0,000
162236,3223	0,026	-0,030	1,029	-0,483	0,564	0,282	0,000	0,000	0,000
162236,3313	0,025	-0,030	1,028	-0,504	0,282	0,242	0,000	0,000	0,000
162236,3413	0,025	-0,031	1,028	-0,584	0,302	0,067	-0,052	-0,085	0,115
162236,3522	0,025	-0,030	1,028	-0,342	0,383	0,054	-0,052	-0,085	0,115
162236,3621	0,026	-0,029	1,029	-0,584	-0,081	-0,094	-0,052	-0,085	0,115
162236,3712	0,026	-0,030	1,029	-0,342	0,584	0,054	0,000	0,000	0,000
162236,3803	0,025	-0,030	1,029	-0,483	0,262	-0,107	0,000	0,000	0,000
162236,3895	0,025	-0,029	1,029	-0,302	0,403	-0,067	0,000	0,000	0,000
162236,3992	0,026	-0,030	1,029	-0,222	0,363	0,027	-0,052	-0,085	0,115
162236,4076	0,025	-0,030	1,030	-0,121	0,322	0,282	-0,052	-0,085	0,115
162236,4166	0,026	-0,030	1,029	-0,443	0,363	0,201	-0,052	-0,085	0,115
162236,4256	0,025	-0,029	1,029	-0,302	0,403	0,255	-0,052	-0,085	0,115
162236,4345	0,025	-0,030	1,029	-0,423	0,342	0,188	-0,052	-0,085	0,112
162236,4445	0,026	-0,030	1,029	-0,423	0,242	-0,134	0,000	0,000	0,000
162236,4547	0,026	-0,030	1,028	-0,302	0,322	0,054	0,000	0,000	0,000
162236,4640	0,025	-0,030	1,029	-0,483	0,242	-0,242	-0,052	-0,085	0,115
162236,4723	0,026	-0,031	1,029	-0,282	0,463	0,000	-0,052	-0,085	0,115
162236,4824	0,026	-0,031	1,029	-0,363	0,342	0,067	-0,052	-0,085	0,115
162236,4930	0,026	-0,030	1,028	-0,544	0,524	0,054	0,000	0,000	0,000
162236,5018	0,025	-0,030	1,029	-0,463	0,161	-0,295	0,000	0,000	0,000
162236,5111	0,026	-0,030	1,029	-0,745	0,383	0,121	0,000	0,000	0,000
162236,5210	0,026	-0,030	1,028	-0,403	0,363	-0,040	0,000	0,000	0,000
162236,5299	0,026	-0,031	1,028	-0,483	0,201	0,013	-0,052	-0,085	0,115
162236,5388	0,026	-0,031	1,029	-0,725	0,342	-0,188	-0,052	-0,082	0,115
162236,5478	0,026	-0,030	1,029	-0,705	0,403	-0,067	-0,052	-0,085	0,115
162236,5569	0,026	-0,030	1,029	-0,524	0,363	-0,027	-0,052	-0,085	0,115
162236,5653	0,025	-0,029	1,029	-0,222	0,201	0,027	0,000	0,000	0,000
162236,5753	0,025	-0,029	1,029	-0,282	0,363	0,081	0,000	0,000	0,000
162236,5848	0,025	-0,029	1,029	-0,423	0,302	0,027	0,000	0,000	0,000
162236,5946	0,026	-0,030	1,029	-0,383	0,504	0,148	0,000	0,000	0,000
162236,6036	0,026	-0,031	1,029	-0,524	0,363	0,067	-0,052	-0,085	0,115
162236,6126	0,025	-0,030	1,029	-0,564	0,483	0,054	-0,052	-0,085	0,115
162236,6226	0,025	-0,029	1,029	-1,007	0,443	-0,268	0,000	0,000	0,000
162236,6315	0,026	-0,030	1,029	-0,463	0,524	-0,161	0,000	0,000	0,000
162236,6409	0,025	-0,029	1,029	-0,685	0,222	0,121	0,000	0,000	0,000
162236,6509	0,026	-0,030	1,029	-0,786	0,363	0,040	-0,052	-0,085	0,115
162236,6598	0,025	-0,030	1,029	-0,383	0,483	0,054	-0,052	-0,085	0,115
162236,6698	0,025	-0,030	1,029	-0,423	0,363	-0,067	-0,052	-0,085	0,115
162236,6799	0,026	-0,030	1,029	-0,423	0,342	-0,027	-0,052	-0,085	0,115
162236,6890	0,026	-0,030	1,028	-0,685	0,222	0,268	-0,052	-0,085	0,115
162236,6979	0,026	-0,030	1,029	-0,604	0,504	0,161	0,000	0,000	0,000
162236,7069	0,026	-0,031	1,029	-0,242	0,483	0,242	0,000	0,000	0,000
162236,7159	0,026	-0,030	1,029	-0,604	0,383	0,040	0,000	0,000	0,000
162236,7249	0,026	-0,030	1,029	-0,302	0,342	-0,134	-0,052	-0,085	0,115
162236,7338	0,026	-0,030	1,030	-0,504	0,363	-0,121	-0,052	-0,085	0,115
162236,7428	0,025	-0,030	1,030	-0,403	0,383	-0,054	-0,052	-0,085	0,112
162236,7518	0,025	-0,029	1,029	-0,483	0,423	0,054	0,000	0,000	0,000
162236,7607	0,026	-0,030	1,029	-0,242	0,322	0,094	0,000	0,000	0,000
162236,7711	0,025	-0,030	1,029	-0,363	0,161	0,188	0,000	0,000	0,000
162236,7800	0,025	-0,030	1,028	-0,524	0,383	0,094	-0,052	-0,085	0,112
162236,7890	0,025	-0,030	1,029	-0,242	0,242	0,148	-0,052	-0,085	0,115
162236,7980	0,026	-0,030	1,029	-0,504	0,544	0,081	-0,052	-0,085	0,115
162236,8070	0,025	-0,029	1,029	-0,786	0,222	0,000	-0,052	-0,085	0,115
162236,8160	0,026	-0,030	1,029	-0,725	0,443	0,027	0,000	0,000	0,000
162236,8249	0,025	-0,030	1,028	-0,363	0,604	0,040	-0,052	-0,085	0,115
162236,8339	0,025	-0,030	1,029	-0,584	0,423	-0,081	-0,052	-0,085	0,115
162236,8440	0,026	-0,030	1,029	-0,504	0,403	-0,242	-0,052	-0,085	0,115
162236,8541	0,026	-0,030	1,028	-0,524	0,242	-0,067	-0,052	-0,085	0,115
162236,8631	0,025	-0,029	1,029	-0,302	0,423	-0,188	0,000	0,000	0,000
162236,8731	0,025	-0,029	1,028	-0,322	0,242	0,081	0,000	0,000	0,000
162236,8820	0,025	-0,030	1,028	-0,121	0,342	0,027	0,000	0,000	0,000
162236,8910	0,025	-0,030	1,029	-0,383	0,181	0,081	0,000	0,000	0,000
162236,9000	0,025	-0,030	1,028	-0,624	0,483	0,000	-0,052	-0,082	0,112
162236,9089	0,025	-0,029	1,029	-0,443	0,342	0,228	-0,052	-0,085	0,115
162236,9179	0,025	-0,030	1,028	-0,282	0,282	0,121	0,000	0,000	0,000
162236,9279	0,025	-0,030	1,029	-0,685	0,363	0,013	0,000	0,000	0,000
162236,9369	0,026	-0,030	1,029	-0,544	0,141	0,121	0,000	0,000	0,000
162236,9453	0,026	-0,030	1,029	-0,342	0,564	-0,094	-0,052	-0,085	0,115
162236,9560	0,025	-0,030	1,029	-0,483	0,584	0,067	-0,052	-0,082	0,115
162236,9650	0,026	-0,030	1,029	-0,524	0,725	0,174	0,000	0,000	0,000
162236,9740	0,025	-0,030	1,029	-0,504	0,141	-0,013	0,000	0,000	0,000
162236,9829	0,025	-0,030	1,029	-0,463	0,262	0,081	0,000	0,000	0,000
162236,9929	0,025	-0,031	1,029	-0,544	0,665	0,107	-0,052	-0,085	0,115
162237,0019	0,025	-0,030	1,029	-0,181	0,403	0,000	-0,052	-0,085	0,115
162237,0109	0,026	-0,030	1,029	-0,342	0,383	0,349	-0,052	-0,085	0,115
162237,0209	0,026	-0,030	1,029	-0,524	0,101	-0,054	-0,052	-0,085	0,115
162237,0299	0,026	-0,030	1,029	-0,544	0,222	0,188	-0,052	-0,085	0,115
162237,0388	0,025	-0,030	1,029	-0,302	0,141	-0,040	0,000	0,000	0,000
162237,0482	0,026	-0,030	1,028	-0,483	0,403	-0,067	0,000	0,000	0,000
162237,0582	0,026	-0,029	1,029	-0,242	0,322	-0,013	-0,052	-0,082	0,112
162237,0672	0,025	-0,030	1,029	-0,685	0,121	-0,027	-0,052	-0,085	0,115
162237,0771	0,025	-0,030	1,028	-0,483	0,363	0,188	-0,052	-0,085	0,115
162237,0861	0,025	-0,030	1,028	-0,443	0,282	0,000	0,000	0,000	0,000
162237,0946	0,026	-0,030	1,028	-0,342	0,363	-0,295	0,000	0,000	0,000
162237,1035	0,026	-0,030	1,029	-0,463	0,302	0,188	0,000	0,000	0,000
162237,1126	0,025	-0,030	1,028	-0,463	0,504	0,443	-0,052	-0,085	0,115
162237,1230	0,025	-0,029	1,028	-0,604	0,322	-0,174	-0,052	-0,085	0,115
162237,1323	0,026	-0,030	1,029	-0,604	0,624	0,228	0,000	0,000	0,000
162237,1432	0,025	-0,029	1,029	-0,403	0,463	-0,121	0,000	0,000	0,000
162237,1522	0,025	-0,029	1,028	-0,201	0,342	-0,161	0,000	0,000	0,000
162237,1603	0,025	-0,029	1,028	-0,262	0,302	-0,040	-0,052	-0,082	0,115
162237,1693	0,025	-0,029	1,029	-0,222	0,584	0,148	-0,052	-0,085	0,112
162237,1803	0,026	-0,029	1,028	-0,302	0,363	-0,081	-0,052	-0,085	0,112
162237,1893	0,026	-0,031	1,028	-0,383	0,403	0,040	-0,052	-0,085	0,115
162237,1994	0,025	-0,030	1,028	-0,483	0,302	0,067	-0,052	-0,085	0,115
162237,2086	0,026	-0,029	1,029	-0,745	0,423	0,161	0,000	0,000	0,000
162237,2190	0,027	-0,030	1,029	-0,524	0,443	0,000	0,000	0,000	0,000
162237,2281	0,026	-0,030	1,028	-0,584	0,383	0,094	0,000	0,000	0,000
162237,2370	0,025	-0,030	1,029	-0,322	0,282	-0,027	-0,052	-0,085	0,115
162237,2471	0,025	-0,029	1,028	-0,624	0,242	-0,121	-0,052	-0,085	0,115
162237,2554	0,026	-0,029	1,028	-0,363	0,342	-0,013	-0,052	-0,085	0,115
162237,2643	0,026	-0,029	1,029	-0,342	0,584	0,000	0,000	0,000	0,000
162237,2733	0,025	-0,030	1,029	-0,443	0,443	-0,067	0,000	0,000	0,000
162237,2842	0,026	-0,031	1,029	-0,363	0,242	0,067	0,000	0,000	0,000
162237,2932	0,026	-0,030	1,028	-0,504	0,504	0,000	0,000	0,000	0,000
162237,3022	0,025	-0,029	1,029	-0,423	0,201	0,121	-0,052	-0,085	0,112
162237,3103	0,026	-0,030	1,029	-0,584	0,302	0,268	-0,052	-0,085	0,115
162237,3193	0,026	-0,030	1,029	-0,584	0,181	0,027	0,000	0,000	0,000
162237,3295	0,025	-0,029	1,029	-0,564	0,584	-0,295	0,000	0,000	0,000
162237,3395	0,025	-0,029	1,029	-0,322	0,383	0,094	0,000	0,000	0,000
162237,3485	0,026	-0,029	1,029	-0,685	0,564	0,107	-0,052	-0,085	0,115
162237,3585	0,026	-0,030	1,029	-0,504	0,705	0,322	-0,052	-0,085	0,115
162237,3685	0,025	-0,031	1,029	-0,443	0,645	0,040	-0,052	-0,085	0,115
162237,3773	0,025	-0,029	1,028	-0,604	0,282	-0,027	-0,052	-0,085	0,115
162237,3873	0,025	-0,028	1,029	-0,403	0,262	0,000	0,000	0,000	0,000
162237,3974	0,026	-0,030	1,029	-0,463	0,342	-0,067	0,000	0,000	0,000
162237,4063	0,026	-0,030	1,029	-0,483	0,423	0,107	0,000	0,000	0,000
162237,4154	0,025	-0,030	1,029	-0,383	0,363	0,054	0,000	0,000	0,000
162237,4247	0,026	-0,029	1,028	-0,342	0,403	-0,054	-0,052	-0,085	0,112
162237,4339	0,026	-0,030	1,028	-0,765	0,463	0,000	-0,052	-0,085	0,115
162237,4429	0,026	-0,030	1,028	-0,504	0,423	0,228	0,000	0,000	0,000
162237,4529	0,025	-0,029	1,029	-0,342	0,282	0,081	0,000	0,000	0,000
162237,4619	0,025	-0,030	1,029	-0,423	0,423	0,242	0,000	0,000	0,000
162237,4709	0,026	-0,030	1,029	-0,363	0,121	0,161	-0,052	-0,085	0,115
162237,4800	0,026	-0,030	1,029	-0,524	0,544	0,000	-0,052	-0,085	0,115
162237,4890	0,025	-0,029	1,029	-0,463	0,584	0,040	-0,052	-0,085	0,115
162237,4979	0,025	-0,029	1,029	-0,544	0,302	-0,040	0,000	0,000	0,000
162237,5071	0,025	-0,029	1,029	-0,483	0,383	-0,107	0,000	0,000	0,000
162237,5161	0,025	-0,029	1,029	-0,423	0,201	0,107	0,000	0,000	0,000
162237,5250	0,025	-0,030	1,029	-0,262	0,584	-0,255	-0,052	-0,085	0,115
162237,5340	0,025	-0,030	1,028	-0,524	0,544	-0,094	-0,052	-0,085	0,115
162237,5430	0,025	-0,029	1,028	-0,443	0,604	-0,040	-0,052	-0,082	0,112
162237,5520	0,026	-0,030	1,029	-0,483	0,463	-0,134	0,000	0,000	0,000
162237,5609	0,026	-0,029	1,029	-0,161	0,322	-0,040	0,000	0,000	0,000
162237,5699	0,025	-0,029	1,029	-0,524	0,121	0,027	0,000	0,000	0,000
162237,5799	0,026	-0,029	1,028	-0,463	0,101	0,040	0,000	0,000	0,000
162237,5899	0,026	-0,030	1,028	-0,262	0,463	-0,013	-0,052	-0,085	0,115
162237,5993	0,026	-0,030	1,029	-0,705	0,403	0,000	-0,052	-0,082	0,115
162237,6097	0,026	-0,030	1,029	-0,121	0,121	-0,121	0,000	0,000	0,000
162237,6197	0,025	-0,029	1,029	-0,302	0,322	-0,134	0,000	0,000	0,000
162237,6299	0,025	-0,029	1,029	-0,463	0,544	0,148	0,000	0,000	0,000
162237,6389	0,025	-0,029	1,029	-0,242	0,322	-0,067	0,000	0,000	0,000
162237,6477	0,026	-0,030	1,029	-0,604	0,443	-0,054	0,000	0,000	0,000
162237,6567	0,026	-0,030	1,029	-0,584	0,242	0,094	-0,052	-0,085	0,115
162237,6656	0,026	-0,030	1,029	-0,322	0,564	0,161	0,000	0,000	0,000
162237,6756	0,025	-0,029	1,029	-0,584	0,363	0,201	0,000	0,000	0,000
162237,6856	0,025	-0,030	1,029	-0,363	0,463	-0,013	-0,052	-0,085	0,115
162237,6962	0,026	-0,030	1,029	-0,685	0,483	-0,067	-0,052	-0,082	0,115
162237,7052	0,026	-0,029	1,029	-0,826	0,604	-0,054	-0,052	-0,082	0,112
162237,7141	0,025	-0,029	1,029	-0,786	0,383	-0,040	0,000	0,000	0,000
162237,7231	0,026	-0,030	1,029	-0,443	0,443	-0,094	0,000	0,000	0,000
162237,7331	0,025	-0,030	1,029	-0,604	0,383	0,161	0,000	0,000	0,000
162237,7421	0,025	-0,030	1,029	-0,624	0,423	-0,027	0,000	0,000	0,000
162237,7511	0,026	-0,030	1,028	-0,685	0,161	0,322	-0,052	-0,085	0,115
162237,7602	0,026	-0,029	1,028	-0,262	0,363	0,282	-0,052	-0,085	0,115
162237,7692	0,026	-0,029	1,029	-0,463	-0,020	0,067	0,000	0,000	0,000
162237,7773	0,026	-0,030	1,029	-0,463	0,000	-0,040	0,000	0,000	0,000
162237,7871	0,025	-0,030	1,029	-0,483	0,443	0,255	0,000	0,000	0,000
162237,7960	0,025	-0,030	1,030	-0,604	0,302	-0,040	0,000	0,000	0,000
162237,8046	0,025	-0,030	1,029	-0,443	0,201	0,027	-0,052	-0,085	0,115
162237,8150	0,025	-0,029	1,030	-0,584	0,302	-0,067	-0,052	-0,085	0,112
162237,8239	0,026	-0,030	1,028	-0,504	0,383	0,027	0,000	0,000	0,000
162237,8329	0,026	-0,030	1,029	-0,302	0,564	0,000	0,000	0,000	0,000
162237,8419	0,025	-0,030	1,029	-0,463	0,765	-0,094	0,000	0,000	0,000
162237,8513	0,024	-0,029	1,029	-0,645	0,302	0,040	-0,052	-0,085	0,115
162237,8604	0,025	-0,029	1,029	-0,665	0,262	0,188	-0,052	-0,085	0,112
162237,8709	0,026	-0,030	1,028	-0,423	0,483	0,013	0,000	0,000	0,000
162237,8809	0,025	-0,031	1,028	-0,423	0,242	0,107	0,000	0,000	0,000
162237,8899	0,026	-0,031	1,029	-0,363	0,282	0,094	0,000	0,000	0,000
162237,8989	0,025	-0,030	1,029	-0,483	0,423	0,081	-0,052	-0,085	0,112
162237,9078	0,026	-0,030	1,028	-0,423	0,443	0,094	-0,052	-0,085	0,115
162237,9168	0,025	-0,029	1,029	-0,383	0,363	-0,013	-0,052	-0,085	0,115
162237,9271	0,026	-0,029	1,029	-0,363	0,624	0,040	0,000	0,000	0,000
162237,9358	0,026	-0,029	1,029	-0,604	0,423	-0,040	0,000	0,000	0,000
162237,9459	0,025	-0,029	1,029	-0,463	0,383	-0,013	0,000	0,000	0,000
162237,9543	0,026	-0,029	1,029	-0,302	0,463	0,040	0,000	0,000	0,000
162237,9636	0,025	-0,030	1,029	-0,483	0,322	0,295	-0,052	-0,085	0,115
162237,9727	0,026	-0,030	1,029	-0,705	0,483	0,067	-0,052	-0,085	0,112
162237,9833	0,025	-0,030	1,029	-0,383	0,604	-0,081	-0,052	-0,085	0,112
162237,9935	0,026	-0,030	1,029	-0,342	0,443	0,161	-0,052	-0,085	0,115
162238,0037	0,025	-0,029	1,029	-0,443	0,604	0,094	0,000	0,000	0,000
162238,0127	0,025	-0,029	1,029	-0,302	0,645	0,054	0,000	0,000	0,000
162238,0216	0,025	-0,030	1,029	-0,342	0,242	0,107	0,000	0,000	0,000
162238,0310	0,026	-0,029	1,029	-0,282	0,383	0,054	0,000	0,000	0,000
162238,0400	0,027	-0,030	1,029	-0,463	0,544	-0,134	-0,052	-0,085	0,115
162238,0488	0,026	-0,031	1,028	-0,342	0,302	0,081	-0,052	-0,085	0,115
162238,0576	0,026	-0,030	1,029	-0,262	0,342	0,027	0,000	0,000	0,000
162238,0664	0,025	-0,029	1,029	-0,443	0,725	0,027	0,000	0,000	0,000
162238,0754	0,025	-0,030	1,028	-0,383	0,443	-0,013	0,000	0,000	0,000
162238,0844	0,025	-0,029	1,028	-0,242	0,161	0,121	-0,052	-0,085	0,115
162238,0944	0,025	-0,030	1,029	-0,665	0,504	-0,255	0,000	0,000	0,000
162238,1033	0,025	-0,030	1,028	-0,302	0,302	-0,107	0,000	0,000	0,000
162238,1123	0,025	-0,029	1,029	-0,624	0,201	-0,107	0,000	0,000	0,000
162238,1223	0,026	-0,030	1,028	-0,443	0,262	-0,067	0,000	0,000	0,000
162238,1315	0,025	-0,030	1,029	-0,544	0,322	0,201	0,000	0,000	0,000
162238,1409	0,026	-0,030	1,029	-0,282	0,342	0,027	-0,052	-0,085	0,112
162238,1497	0,026	-0,030	1,028	-0,483	0,302	-0,040	-0,052	-0,085	0,115
162238,1589	0,025	-0,029	1,029	-0,463	0,342	-0,054	0,000	0,000	0,000
162238,1676	0,026	-0,030	1,028	-0,423	0,483	-0,121	0,000	0,000	0,000
162238,1774	0,025	-0,030	1,029	-0,463	0,403	-0,121	-0,052	-0,085	0,112
162238,1864	0,026	-0,029	1,029	-0,524	0,483	0,081	-0,052	-0,085	0,115
162238,1954	0,025	-0,030	1,029	-0,302	0,342	0,067	-0,052	-0,085	0,115
162238,2044	0,025	-0,030	1,029	-0,604	0,524	0,027	0,000	0,000	0,000
162238,2133	0,026	-0,030	1,029	-0,685	0,282	0,013	0,000	0,000	0,000
162238,2223	0,025	-0,029	1,029	-0,403	0,524	0,000	0,000	0,000	0,000
162238,2313	0,026	-0,030	1,029	-0,483	0,403	-0,174	0,000	0,000	0,000
162238,2420	0,025	-0,029	1,029	-0,584	0,483	0,040	0,000	0,000	0,000
162238,2510	0,026	-0,030	1,029	-0,423	0,483	-0,121	-0,052	-0,085	0,115
162238,2599	0,025	-0,029	1,029	-0,363	0,564	-0,188	-0,052	-0,085	0,112
162238,2689	0,026	-0,030	1,028	-0,624	0,222	0,107	-0,052	-0,085	0,115
162238,2779	0,026	-0,031	1,028	-0,322	0,544	0,376	0,000	0,000	0,000
162238,2869	0,025	-0,030	1,028	-0,665	0,584	0,067	0,000	0,000	0,000
162238,2972	0,025	-0,030	1,029	-0,745	0,302	-0,081	0,000	0,000	0,000
162238,3061	0,026	-0,030	1,029	-0,423	0,181	0,134	-0,052	-0,085	0,115
162238,3162	0,026	-0,030	1,029	-0,383	0,181	-0,081	-0,052	-0,085	0,115
162238,3252	0,026	-0,029	1,029	-0,262	0,262	0,174	-0,052	-0,085	0,115
162238,3342	0,027	-0,030	1,028	-0,383	0,423	0,027	0,000	0,000	0,000
162238,3424	0,026	-0,030	1,029	-0,504	0,141	0,121	0,000	0,000	0,000
162238,3530	0,025	-0,029	1,029	-0,665	0,302	0,362	-0,052	-0,082	0,115
162238,3630	0,026	-0,029	1,029	-0,504	0,564	0,121	-0,052	-0,085	0,115
162238,3720	0,026	-0,030	1,029	-0,463	0,302	-0,094	-0,052	-0,085	0,115
162238,3820	0,025	-0,030	1,028	-0,423	0,242	0,174	-0,052	-0,082	0,112
162238,3910	0,025	-0,029	1,030	-0,342	0,201	0,054	0,000	0,000	0,000
162238,4010	0,026	-0,030	1,029	-0,363	0,363	0,121	0,000	0,000	0,000
162238,4099	0,027	-0,031	1,029	-0,584	0,322	0,013	-0,052	-0,085	0,115
162238,4189	0,026	-0,030	1,028	-0,222	0,463	0,107	-0,052	-0,085	0,112
162238,4279	0,026	-0,030	1,029	-0,403	0,101	0,148	-0,052	-0,085	0,115
162238,4369	0,026	-0,030	1,029	-0,463	0,222	0,081	-0,052	-0,085	0,115
162238,4471	0,026	-0,030	1,029	-0,564	0,564	0,013	0,000	0,000	0,000
162238,4561	0,026	-0,030	1,029	-0,524	0,544	0,215	0,000	0,000	0,000
162238,4645	0,026	-0,031	1,029	-0,604	0,262	-0,081	-0,052	-0,085	0,115
162238,4736	0,026	-0,030	1,029	-0,383	0,584	0,013	-0,052	-0,085	0,115
162238,4826	0,026	-0,030	1,029	-0,463	0,745	-0,094	-0,052	-0,085	0,115
162238,4915	0,026	-0,030	1,028	-0,322	0,443	0,174	0,000	0,000	0,000
162238,5015	0,026	-0,030	1,029	-0,725	0,201	-0,013	0,000	0,000	0,000
162238,5106	0,026	-0,029	1,029	-0,302	0,383	-0,081	0,000	0,000	0,000
162238,5206	0,026	-0,029	1,029	-0,181	0,483	-0,201	0,000	0,000	0,000
162238,5296	0,025	-0,029	1,028	-0,161	0,222	-0,107	-0,052	-0,085	0,115
162238,5385	0,026	-0,030	1,028	-0,081	0,342	-0,121	-0,052	-0,085	0,112
162238,5485	0,026	-0,030	1,029	-0,201	0,403	-0,067	-0,052	-0,085	0,115
162238,5575	0,026	-0,030	1,028	-0,544	0,403	0,067	0,000	0,000	0,000
162238,5665	0,026	-0,030	1,029	-0,524	0,604	0,027	0,000	0,000	0,000
162238,5755	0,025	-0,029	1,029	-0,806	0,463	0,027	0,000	0,000	0,000
162238,5845	0,026	-0,030	1,029	-0,604	0,222	-0,027	-0,052	-0,085	0,115
162238,5942	0,026	-0,030	1,029	-0,504	0,383	0,255	-0,052	-0,085	0,115
162238,6031	0,025	-0,029	1,029	-0,483	0,383	-0,027	-0,052	-0,085	0,115
162238,6121	0,026	-0,030	1,029	-0,383	0,363	0,174	-0,052	-0,085	0,112
162238,6210	0,026	-0,030	1,028	-0,141	0,383	-0,121	0,000	0,000	0,000
162238,6300	0,026	-0,030	1,030	-0,483	0,443	0,094	0,000	0,000	0,000
162238,6390	0,026	-0,030	1,028	-0,544	0,645	0,054	0,000	0,000	0,000
162238,6491	0,025	-0,030	1,028	-0,564	0,383	0,201	-0,052	-0,085	0,115
162238,6594	0,025	-0,030	1,029	-0,262	0,363	0,027	-0,052	-0,085	0,112
162238,6697	0,025	-0,029	1,029	-0,383	0,524	0,054	-0,052	-0,085	0,115
162238,6786	0,026	-0,030	1,029	-0,423	0,584	0,027	-0,052	-0,085	0,115
162238,6891	0,026	-0,029	1,028	-0,403	0,463	-0,188	0,000	0,000	0,000
162238,6993	0,026	-0,029	1,029	-0,483	0,403	-0,148	0,000	0,000	0,000
162238,7099	0,026	-0,030	1,028	-0,604	0,624	-0,215	-0,052	-0,085	0,115
162238,7189	0,025	-0,030	1,029	-0,685	0,564	0,040	-0,052	-0,082	0,115
162238,7279	0,026	-0,030	1,029	-0,463	0,322	0,067	-0,052	-0,085	0,115
162238,7370	0,026	-0,031	1,029	-0,262	0,201	-0,013	-0,052	-0,085	0,115
162238,7471	0,025	-0,030	1,029	-0,322	0,141	0,040	0,000	0,000	0,000
162238,7561	0,026	-0,030	1,029	-0,705	0,342	-0,107	0,000	0,000	0,000
162238,7651	0,026	-0,031	1,028	-0,504	0,363	0,215	0,000	0,000	0,000
162238,7740	0,026	-0,030	1,028	-0,806	0,242	-0,054	-0,052	-0,085	0,115
162238,7830	0,026	-0,030	1,028	-0,302	0,282	0,134	-0,052	-0,085	0,112
162238,7920	0,025	-0,030	1,029	-0,302	0,262	0,000	-0,052	-0,085	0,115
162238,8020	0,025	-0,030	1,029	-0,403	0,765	-0,121	0,000	0,000	0,000
162238,8110	0,025	-0,030	1,029	-0,302	0,524	0,228	0,000	0,000	0,000
162238,8193	0,025	-0,030	1,028	-0,443	0,322	0,242	0,000	0,000	0,000
162238,8298	0,026	-0,030	1,029	-0,463	0,423	0,121	-0,052	-0,085	0,115
162238,8388	0,026	-0,030	1,029	-0,201	0,705	0,121	-0,052	-0,085	0,115
162238,8490	0,026	-0,029	1,029	-0,423	0,282	0,000	0,000	0,000	0,000
162238,8592	0,026	-0,029	1,028	-0,584	0,121	-0,134	0,000	0,000	0,000
162238,8673	0,027	-0,030	1,028	-0,363	0,443	-0,215	0,000	0,000	0,000
162238,8770	0,025	-0,030	1,029	-0,665	0,403	-0,040	-0,052	-0,085	0,115
162238,8860	0,025	-0,029	1,029	-0,584	0,564	0,081	-0,052	-0,085	0,112
162238,8947	0,025	-0,029	1,029	-0,262	0,342	-0,134	-0,052	-0,085	0,115
162238,9037	0,026	-0,030	1,028	-0,483	0,121	-0,067	-0,052	-0,085	0,112
162238,9130	0,025	-0,029	1,029	-0,685	0,201	-0,054	0,000	0,000	0,000
162238,9218	0,025	-0,030	1,029	-0,564	0,282	0,054	0,000	0,000	0,000
162238,9312	0,026	-0,030	1,028	-0,584	0,322	0,107	0,000	0,000	0,000
162238,9402	0,026	-0,029	1,028	-0,564	0,383	0,174	0,000	0,000	0,000
162238,9492	0,026	-0,030	1,028	-0,705	0,645	0,201	-0,052	-0,085	0,115
162238,9592	0,026	-0,030	1,029	-0,483	0,222	-0,081	-0,052	-0,085	0,112
162238,9679	0,025	-0,030	1,029	-0,262	0,383	0,054	-0,052	-0,085	0,115
162238,9769	0,026	-0,030	1,029	-0,342	0,141	-0,161	0,000	0,000	0,000
162238,9858	0,026	-0,030	1,029	-0,584	0,624	0,013	0,000	0,000	0,000
162238,9948	0,025	-0,030	1,028	-0,161	0,463	0,067	-0,052	-0,085	0,112
162239,0034	0,026	-0,029	1,029	-0,363	0,342	0,174	-0,052	-0,085	0,112
162239,0124	0,026	-0,030	1,028	-0,745	0,524	-0,121	-0,052	-0,085	0,115
162239,0213	0,026	-0,030	1,028	-0,443	0,645	-0,013	-0,052	-0,085	0,112
162239,0303	0,026	-0,030	1,028	-0,564	0,604	-0,094	0,000	0,000	0,000
162239,0412	0,026	-0,031	1,029	-0,524	0,282	0,013	0,000	0,000	0,000
162239,0502	0,025	-0,030	1,029	-0,624	0,101	-0,094	0,000	0,000	0,000
162239,0592	0,026	-0,030	1,028	-0,020	0,524	-0,013	-0,052	-0,085	0,112
162239,0682	0,026	-0,030	1,028	-0,423	0,242	0,322	-0,052	-0,085	0,112
162239,0772	0,027	-0,030	1,028	-0,383	0,060	-0,013	-0,052	-0,085	0,115
162239,0858	0,025	-0,029	1,029	-0,483	0,363	-0,148	-0,052	-0,085	0,115
162239,0947	0,025	-0,029	1,028	-0,463	0,403	0,161	0,000	0,000	0,000
162239,1036	0,025	-0,030	1,029	-0,564	0,322	0,000	0,000	0,000	0,000
162239,1126	0,025	-0,028	1,029	-0,342	0,403	0,081	0,000	0,000	0,000
162239,1216	0,024	-0,029	1,030	-0,544	0,322	0,121	-0,052	-0,085	0,115
162239,1306	0,025	-0,030	1,029	-0,705	0,322	-0,094	-0,052	-0,085	0,115
162239,1396	0,026	-0,030	1,028	-0,504	0,483	0,081	0,000	0,000	0,000
162239,1485	0,026	-0,030	1,029	-0,564	0,423	0,000	0,000	0,000	0,000
162239,1575	0,025	-0,029	1,029	-0,483	0,342	-0,054	-0,052	-0,085	0,115
162239,1665	0,025	-0,029	1,029	-0,504	0,483	0,148	0,000	0,000	0,000
162239,1754	0,025	-0,030	1,028	-0,121	0,584	0,255	0,000	0,000	0,000
162239,1844	0,025	-0,030	1,029	-0,181	0,363	0,295	0,000	0,000	0,000
162239,1937	0,025	-0,030	1,029	-0,383	0,363	0,242	0,000	0,000	0,000
162239,2038	0,026	-0,030	1,028	-0,685	0,262	-0,013	-0,052	-0,085	0,112
162239,2123	0,026	-0,030	1,028	-0,443	0,262	-0,040	-0,052	-0,085	0,112
162239,2230	0,025	-0,030	1,029	-0,544	0,363	-0,094	-0,052	-0,085	0,115
162239,2320	0,025	-0,029	1,028	-0,504	0,524	0,054	0,000	0,000	0,000
162239,2419	0,025	-0,029	1,029	-0,483	0,363	-0,174	0,000	0,000	0,000
162239,2519	0,025	-0,029	1,029	-0,645	0,524	0,188	0,000	0,000	0,000
162239,2609	0,025	-0,030	1,028	-0,302	0,020	0,067	-0,052	-0,085	0,115
162239,2699	0,026	-0,030	1,029	0,000	0,181	-0,161	-0,052	-0,085	0,112
162239,2790	0,026	-0,030	1,029	-0,302	0,282	0,094	-0,052	-0,085	0,115
162239,2874	0,027	-0,030	1,028	-0,645	0,363	-0,134	0,000	0,000	0,000
162239,2963	0,026	-0,031	1,029	-0,927	0,403	-0,067	0,000	0,000	0,000
162239,3053	0,025	-0,030	1,028	-0,383	0,161	0,067	0,000	0,000	0,000
162239,3143	0,026	-0,030	1,029	-0,383	0,222	0,067	-0,052	-0,085	0,115
162239,3233	0,026	-0,030	1,029	-0,463	0,141	0,161	-0,052	-0,085	0,115
162239,3342	0,025	-0,030	1,029	-0,423	0,544	0,000	-0,052	-0,082	0,112
162239,3432	0,026	-0,031	1,029	-0,504	0,423	-0,094	0,000	0,000	0,000
162239,3522	0,025	-0,029	1,029	-0,504	0,504	-0,255	0,000	0,000	0,000
162239,3611	0,025	-0,029	1,029	-0,242	0,544	-0,389	0,000	0,000	0,000
162239,3698	0,025	-0,029	1,029	-0,443	0,544	0,094	0,000	0,000	0,000
162239,3787	0,025	-0,030	1,029	-0,363	0,584	-0,121	0,000	0,000	0,000
162239,3889	0,025	-0,029	1,028	-0,423	0,342	0,134	-0,052	-0,085	0,112
162239,3989	0,026	-0,029	1,028	-0,524	0,423	0,201	-0,048	-0,085	0,115
162239,4079	0,026	-0,029	1,029	-0,383	0,040	0,174	-0,052	-0,085	0,112
162239,4169	0,026	-0,029	1,029	-0,423	-0,060	0,054	0,000	0,000	0,000
162239,4258	0,026	-0,029	1,029	-0,544	0,081	-0,134	0,000	0,000	0,000
162239,4343	0,026	-0,030	1,029	-0,322	0,685	0,000	0,000	0,000	0,000
162239,4447	0,025	-0,029	1,029	-0,342	0,504	-0,081	-0,052	-0,085	0,115
162239,4537	0,025	-0,030	1,029	-0,564	0,302	0,148	-0,052	-0,085	0,112
162239,4631	0,025	-0,029	1,029	-0,645	0,524	0,081	-0,052	-0,085	0,112
162239,4721	0,026	-0,029	1,029	-0,222	0,302	0,081	-0,052	-0,082	0,112
162239,4810	0,025	-0,029	1,029	-0,463	0,544	-0,081	-0,052	-0,085	0,115
162239,4894	0,026	-0,030	1,029	-0,101	0,141	-0,188	0,000	0,000	0,000
162239,4984	0,026	-0,030	1,029	-0,363	0,504	-0,027	0,000	0,000	0,000
162239,5074	0,025	-0,031	1,028	-0,504	0,443	0,013	-0,052	-0,082	0,115
162239,5179	0,026	-0,030	1,029	-0,222	0,403	0,242	-0,048	-0,085	0,115
162239,5269	0,026	-0,030	1,029	-0,504	0,322	0,161	-0,052	-0,085	0,115
162239,5369	0,025	-0,029	1,029	-0,564	0,141	-0,081	-0,052	-0,085	0,112
162239,5456	0,026	-0,030	1,029	-0,141	0,121	0,134	0,000	0,000	0,000
162239,5545	0,026	-0,029	1,029	-0,242	0,564	0,081	0,000	0,000	0,000
162239,5645	0,026	-0,029	1,029	-0,665	0,403	0,188	0,000	0,000	0,000
162239,5735	0,025	-0,030	1,029	-0,383	0,141	-0,040	0,000	0,000	0,000
162239,5825	0,025	-0,030	1,029	-0,886	0,181	-0,121	0,000	0,000	0,000
162239,5915	0,026	-0,030	1,029	-0,282	0,242	0,040	-0,052	-0,085	0,112
162239,6004	0,026	-0,029	1,029	-0,302	0,564	-0,148	-0,052	-0,085	0,115
162239,6094	0,025	-0,029	1,029	-0,282	0,383	-0,081	-0,052	-0,085	0,115
162239,6183	0,025	-0,030	1,029	-0,705	0,141	0,107	-0,052	-0,085	0,109
162239,6292	0,025	-0,029	1,029	-0,584	0,302	0,134	0,000	0,000	0,000
162239,6373	0,026	-0,030	1,029	-0,685	0,463	0,013	0,000	0,000	0,000
162239,6473	0,026	-0,030	1,029	-0,282	0,181	-0,027	0,000	0,000	0,000
162239,6575	0,026	-0,029	1,029	-0,544	0,443	0,242	0,000	0,000	0,000
162239,6665	0,026	-0,030	1,029	-0,443	0,302	0,081	-0,052	-0,085	0,115
162239,6771	0,026	-0,030	1,029	-0,141	0,383	0,148	-0,052	-0,085	0,112
162239,6861	0,026	-0,030	1,029	-0,463	0,282	-0,188	0,000	0,000	0,000
162239,6944	0,025	-0,029	1,029	-0,483	0,242	0,121	0,000	0,000	0,000
162239,7033	0,026	-0,030	1,029	-0,342	0,504	-0,067	-0,052	-0,085	0,115
162239,7133	0,026	-0,030	1,029	-0,403	0,161	-0,027	-0,052	-0,085	0,112
162239,7232	0,025	-0,030	1,029	-0,504	0,483	0,148	-0,052	-0,085	0,112
162239,7322	0,026	-0,030	1,029	-0,564	0,262	0,161	0,000	0,000	0,000
162239,7422	0,025	-0,029	1,029	-0,443	0,222	0,242	0,000	0,000	0,000
162239,7512	0,025	-0,030	1,029	-0,342	0,483	-0,054	0,000	0,000	0,000
162239,7601	0,026	-0,030	1,029	-0,262	0,222	0,040	0,000	0,000	0,000
162239,7701	0,025	-0,030	1,029	-0,363	0,483	0,054	0,000	0,000	0,000
162239,7791	0,025	-0,030	1,029	-0,544	0,383	-0,148	-0,052	-0,082	0,109
162239,7880	0,025	-0,029	1,029	-0,483	0,222	0,013	-0,052	-0,085	0,115
162239,7963	0,025	-0,029	1,030	-0,544	0,624	0,013	0,000	0,000	0,000
162239,8053	0,026	-0,029	1,029	-0,584	0,403	0,000	0,000	0,000	0,000
162239,8143	0,025	-0,030	1,029	-0,483	0,363	-0,148	0,000	0,000	0,000
162239,8233	0,025	-0,029	1,029	-0,443	0,363	0,040	0,000	0,000	0,000
162239,8335	0,026	-0,030	1,028	-0,322	0,242	-0,081	-0,052	-0,085	0,115
162239,8426	0,026	-0,030	1,030	-0,584	0,262	0,027	-0,052	-0,085	0,115
162239,8526	0,025	-0,029	1,029	-0,423	0,363	-0,094	-0,052	-0,085	0,115
162239,8616	0,026	-0,030	1,029	-0,665	0,201	0,081	0,000	0,000	0,000
162239,8705	0,025	-0,029	1,029	-0,363	0,141	-0,067	0,000	0,000	0,000
162239,8809	0,025	-0,030	1,029	-0,463	0,262	0,013	0,000	0,000	0,000
162239,8899	0,026	-0,030	1,029	-0,443	0,121	0,013	-0,052	-0,085	0,112
162239,8999	0,026	-0,030	1,028	-0,645	0,262	-0,094	-0,052	-0,085	0,112
162239,9089	0,025	-0,029	1,030	-0,403	0,544	-0,067	-0,052	-0,085	0,115
162239,9173	0,025	-0,029	1,029	-0,665	0,463	0,013	-0,052	-0,085	0,115
162239,9274	0,026	-0,030	1,029	-0,483	0,383	0,107	0,000	0,000	0,000
162239,9380	0,026	-0,030	1,029	-0,302	0,483	0,000	0,000	0,000	0,000
162239,9468	0,026	-0,030	1,029	-0,302	0,423	-0,134	0,000	0,000	0,000
162239,9571	0,025	-0,029	1,029	-0,765	0,423	-0,161	0,000	0,000	0,000
162239,9657	0,026	-0,030	1,029	-0,725	0,564	-0,040	-0,052	-0,085	0,112
162239,9747	0,026	-0,030	1,029	-0,443	0,302	-0,107	-0,052	-0,085	0,115
162239,9839	0,025	-0,030	1,029	-0,786	0,564	-0,161	0,000	0,000	0,000
162239,9928	0,026	-0,030	1,028	-0,564	0,363	-0,282	0,000	0,000	0,000
162240,0018	0,025	-0,030	1,029	-0,604	0,262	-0,242	0,000	0,000	0,000
162240,0107	0,025	-0,030	1,029	-0,201	0,342	-0,188	0,000	0,000	0,000
162240,0197	0,026	-0,030	1,029	-0,423	0,544	-0,013	-0,052	-0,085	0,112
162240,0283	0,025	-0,029	1,030	-0,504	0,181	-0,040	-0,052	-0,085	0,115
162240,0383	0,025	-0,029	1,029	-0,363	0,383	0,107	-0,052	-0,085	0,112
162240,0473	0,025	-0,029	1,029	-0,483	0,342	0,148	0,000	0,000	0,000
162240,0563	0,026	-0,031	1,028	-0,363	0,322	-0,134	0,000	0,000	0,000
162240,0653	0,025	-0,030	1,029	-0,544	0,463	-0,040	0,000	0,000	0,000
162240,0752	0,025	-0,029	1,029	-0,504	0,685	0,067	0,000	0,000	0,000
162240,0840	0,025	-0,030	1,028	-0,161	0,544	0,000	-0,052	-0,085	0,115
162240,0927	0,025	-0,030	1,029	-0,161	0,383	-0,013	-0,052	-0,088	0,115
162240,1030	0,026	-0,030	1,030	-0,222	0,242	-0,067	-0,052	-0,085	0,112
162240,1122	0,026	-0,030	1,029	-0,383	0,282	0,027	0,000	0,000	0,000
162240,1210	0,025	-0,028	1,029	-0,524	0,443	0,188	0,000	0,000	0,000
162240,1311	0,025	-0,030	1,029	-0,745	0,483	-0,094	-0,052	-0,085	0,115
162240,1401	0,026	-0,030	1,028	-0,866	0,584	0,255	-0,052	-0,085	0,112
162240,1490	0,025	-0,030	1,029	-0,423	0,463	-0,107	0,000	0,000	0,000
162240,1581	0,024	-0,029	1,029	-0,463	0,363	0,309	0,000	0,000	0,000
162240,1672	0,025	-0,030	1,029	-0,524	0,504	-0,094	0,000	0,000	0,000
162240,1762	0,026	-0,031	1,029	-0,544	0,242	-0,067	0,000	0,000	0,000
162240,1851	0,026	-0,030	1,029	-0,483	0,403	0,013	-0,052	-0,085	0,115
162240,1939	0,025	-0,029	1,029	-0,322	0,584	0,067	-0,052	-0,082	0,115
162240,2030	0,025	-0,030	1,029	-0,665	0,504	-0,081	0,000	0,000	0,000
162240,2123	0,026	-0,030	1,028	-0,342	0,363	0,336	0,000	0,000	0,000
162240,2222	0,026	-0,031	1,029	-0,342	0,423	-0,215	0,000	0,000	0,000
162240,2313	0,025	-0,030	1,029	-0,403	0,282	0,094	-0,052	-0,085	0,112
162240,2412	0,025	-0,030	1,029	-0,504	0,564	-0,027	-0,052	-0,085	0,112
162240,2500	0,026	-0,030	1,029	-0,463	0,101	0,013	-0,052	-0,085	0,115
162240,2590	0,026	-0,030	1,029	-0,383	0,181	0,107	-0,052	-0,085	0,112
162240,2692	0,026	-0,029	1,029	-0,302	0,302	0,054	-0,052	-0,085	0,115
162240,2781	0,025	-0,029	1,029	-0,463	0,443	0,215	0,000	0,000	0,000
162240,2872	0,025	-0,030	1,029	-0,443	0,302	0,174	0,000	0,000	0,000
162240,2953	0,026	-0,030	1,029	-0,483	0,624	0,107	0,000	0,000	0,000
162240,3044	0,026	-0,029	1,029	-0,282	0,242	0,000	-0,052	-0,085	0,115
162240,3137	0,025	-0,029	1,030	-0,060	0,705	0,268	-0,052	-0,085	0,112
162240,3226	0,025	-0,030	1,029	-0,584	0,645	0,242	-0,052	-0,085	0,115
162240,3319	0,026	-0,030	1,028	-0,222	0,121	0,148	0,000	0,000	0,000
162240,3421	0,026	-0,030	1,029	-0,443	0,262	-0,067	0,000	0,000	0,000
162240,3512	0,025	-0,030	1,029	-0,564	0,161	0,027	-0,052	-0,085	0,115
162240,3600	0,025	-0,030	1,029	-0,564	0,403	-0,094	-0,052	-0,085	0,112
162240,3688	0,026	-0,030	1,028	-0,242	0,322	-0,067	-0,052	-0,085	0,115
162240,3781	0,026	-0,031	1,028	-0,463	0,403	0,215	-0,052	-0,082	0,112
162240,3869	0,026	-0,030	1,029	-0,463	0,342	0,282	0,000	0,000	0,000
162240,3952	0,025	-0,029	1,029	-0,222	0,322	0,040	-0,052	-0,085	0,115
162240,4048	0,026	-0,030	1,028	-0,463	0,141	-0,040	-0,052	-0,085	0,115
162240,4150	0,026	-0,030	1,028	-0,645	0,081	-0,148	-0,052	-0,085	0,112
162240,4240	0,026	-0,029	1,029	-0,181	0,342	0,188	0,000	0,000	0,000
162240,4341	0,025	-0,029	1,029	-0,483	0,262	-0,054	0,000	0,000	0,000
162240,4430	0,025	-0,029	1,029	-0,645	0,463	-0,148	0,000	0,000	0,000
162240,4520	0,025	-0,029	1,029	-0,383	0,423	-0,107	0,000	0,000	0,000
162240,4610	0,025	-0,030	1,029	-0,302	0,483	0,215	0,000	0,000	0,000
162240,4709	0,026	-0,029	1,029	-0,483	0,302	0,148	-0,052	-0,085	0,112
162240,4797	0,025	-0,030	1,029	-0,886	0,604	0,000	-0,052	-0,085	0,115
162240,4887	0,026	-0,029	1,029	-0,685	0,222	0,067	-0,052	-0,085	0,115
162240,4973	0,026	-0,029	1,028	-0,161	0,463	-0,242	0,000	0,000	0,000
162240,5075	0,026	-0,030	1,028	-0,443	0,000	0,000	0,000	0,000	0,000
162240,5165	0,026	-0,030	1,029	-0,403	0,685	0,322	0,000	0,000	0,000
162240,5255	0,026	-0,030	1,029	-0,302	0,524	0,228	0,000	0,000	0,000
162240,5344	0,026	-0,029	1,029	-0,342	0,423	0,027	-0,052	-0,085	0,112
162240,5433	0,026	-0,030	1,029	-0,342	0,504	0,081	-0,052	-0,085	0,115
162240,5523	0,026	-0,031	1,029	-0,342	0,483	-0,188	-0,048	-0,085	0,115
162240,5627	0,025	-0,029	1,030	-0,383	0,403	-0,040	0,000	0,000	0,000
162240,5717	0,026	-0,030	1,029	-0,383	0,302	0,215	0,000	0,000	0,000
162240,5804	0,025	-0,029	1,029	-0,665	0,201	-0,201	0,000	0,000	0,000
162240,5910	0,027	-0,030	1,029	-0,604	-0,060	0,201	-0,052	-0,085	0,115
162240,6000	0,026	-0,030	1,029	-0,504	0,181	0,148	-0,052	-0,085	0,115
162240,6090	0,026	-0,030	1,029	-0,101	0,222	0,201	-0,052	-0,085	0,115
162240,6179	0,025	-0,029	1,029	-0,604	0,645	0,134	0,000	0,000	0,000
162240,6263	0,026	-0,030	1,028	-0,423	0,302	-0,027	0,000	0,000	0,000
162240,6362	0,026	-0,030	1,029	-0,423	0,242	0,174	0,000	0,000	0,000
162240,6448	0,026	-0,029	1,029	-0,403	0,302	-0,027	0,000	0,000	0,000
162240,6533	0,025	-0,029	1,029	-0,665	0,544	-0,134	-0,052	-0,085	0,112
162240,6623	0,025	-0,030	1,028	-0,564	0,222	0,228	-0,052	-0,085	0,115
162240,6713	0,026	-0,030	1,028	-0,181	0,302	0,013	-0,052	-0,085	0,112
162240,6822	0,025	-0,030	1,030	-0,201	0,524	0,188	0,000	0,000	0,000
162240,6912	0,025	-0,030	1,029	-0,302	0,443	0,000	0,000	0,000	0,000
162240,7002	0,026	-0,030	1,028	-0,342	0,524	-0,201	0,000	0,000	0,000
162240,7100	0,026	-0,030	1,029	-0,423	0,282	-0,067	-0,052	-0,082	0,115
162240,7190	0,027	-0,031	1,028	-0,363	0,222	-0,094	-0,052	-0,082	0,115
162240,7290	0,025	-0,030	1,029	-0,121	0,181	0,040	-0,052	-0,085	0,115
162240,7380	0,025	-0,030	1,029	-0,423	0,282	-0,121	0,000	0,000	0,000
162240,7464	0,026	-0,030	1,028	-0,665	0,443	0,067	0,000	0,000	0,000
162240,7559	0,026	-0,030	1,029	-0,504	0,342	0,081	0,000	0,000	0,000
162240,7646	0,026	-0,030	1,029	-0,604	0,101	0,148	0,000	0,000	0,000
162240,7745	0,026	-0,030	1,029	-0,786	0,443	-0,067	0,000	0,000	0,000
162240,7836	0,025	-0,030	1,028	-0,524	0,161	-0,174	-0,052	-0,085	0,115
162240,7928	0,026	-0,031	1,027	-0,201	-0,101	-0,255	-0,052	-0,085	0,115
162240,8017	0,026	-0,030	1,029	-0,403	0,101	-0,121	0,000	0,000	0,000
162240,8107	0,025	-0,029	1,029	-0,544	0,524	-0,107	0,000	0,000	0,000
162240,8198	0,024	-0,029	1,029	-0,504	0,665	0,040	0,000	0,000	0,000
162240,8288	0,025	-0,030	1,028	-0,624	0,342	0,134	0,000	0,000	0,000
162240,8388	0,025	-0,029	1,029	-0,403	0,141	-0,040	-0,052	-0,085	0,115
162240,8489	0,026	-0,030	1,029	-0,282	0,161	-0,255	-0,055	-0,085	0,115
162240,8591	0,026	-0,030	1,028	-0,282	0,443	-0,121	-0,052	-0,085	0,112
162240,8692	0,026	-0,030	1,028	-0,363	0,262	0,081	-0,052	-0,085	0,115
162240,8779	0,025	-0,030	1,029	-0,222	0,262	-0,215	0,000	0,000	0,000
162240,8866	0,026	-0,029	1,030	-0,383	0,242	0,121	0,000	0,000	0,000
162240,8972	0,025	-0,029	1,029	-0,544	0,363	-0,215	-0,052	-0,085	0,112
162240,9072	0,026	-0,030	1,029	-0,645	0,363	-0,188	-0,052	-0,085	0,112
162240,9160	0,026	-0,030	1,029	-0,262	0,141	-0,295	-0,052	-0,082	0,115
162240,9253	0,025	-0,029	1,029	-0,544	0,242	0,054	-0,052	-0,085	0,115
162240,9360	0,027	-0,030	1,029	-0,645	0,363	0,027	0,000	0,000	0,000
162240,9461	0,026	-0,030	1,029	-0,544	0,222	-0,134	0,000	0,000	0,000
162240,9552	0,026	-0,030	1,029	-0,302	0,645	0,188	0,000	0,000	0,000
162240,9652	0,026	-0,029	1,029	-0,604	0,342	0,013	0,000	0,000	0,000
162240,9752	0,026	-0,030	1,028	-0,363	0,383	0,161	-0,052	-0,085	0,112
162240,9834	0,026	-0,030	1,030	-0,403	0,262	0,040	-0,052	-0,082	0,112
162240,9942	0,025	-0,029	1,029	-0,806	0,383	0,161	-0,052	-0,085	0,115
162241,0030	0,026	-0,030	1,029	-0,342	0,645	0,040	0,000	0,000	0,000
162241,0123	0,026	-0,030	1,028	-0,322	0,483	0,309	0,000	0,000	0,000
162241,0217	0,026	-0,030	1,028	-0,403	0,564	0,094	0,000	0,000	0,000
162241,0310	0,026	-0,030	1,029	-0,524	0,483	0,054	-0,052	-0,085	0,115
162241,0400	0,025	-0,029	1,028	-0,383	0,564	0,000	-0,052	-0,085	0,112
162241,0490	0,025	-0,030	1,028	-0,524	0,504	0,000	-0,052	-0,085	0,115
162241,0580	0,026	-0,030	1,029	-0,564	0,242	0,027	0,000	0,000	0,000
162241,0669	0,026	-0,030	1,029	-0,363	0,443	0,215	0,000	0,000	0,000
162241,0770	0,025	-0,029	1,029	-0,786	0,544	0,134	0,000	0,000	0,000
162241,0860	0,026	-0,029	1,028	-0,584	0,262	-0,067	-0,052	-0,085	0,115
162241,0959	0,025	-0,029	1,028	-0,544	0,604	-0,081	-0,052	-0,085	0,115
162241,1053	0,026	-0,030	1,028	-0,483	0,383	0,174	-0,048	-0,085	0,112
162241,1151	0,025	-0,029	1,029	-0,423	0,403	0,000	-0,052	-0,085	0,115
162241,1241	0,026	-0,029	1,029	-0,685	0,342	-0,081	-0,052	-0,085	0,115
162241,1341	0,026	-0,029	1,028	-0,685	0,604	0,000	0,000	0,000	0,000
162241,1430	0,026	-0,030	1,029	-0,181	0,242	0,161	0,000	0,000	0,000
162241,1517	0,025	-0,031	1,029	-0,665	0,242	0,000	-0,052	-0,085	0,115
162241,1608	0,025	-0,029	1,030	-0,665	0,020	-0,148	-0,052	-0,082	0,112
162241,1698	0,025	-0,028	1,029	-0,403	0,383	-0,067	-0,052	-0,085	0,115
162241,1788	0,025	-0,029	1,029	-0,483	0,262	0,268	0,000	0,000	0,000
162241,1892	0,026	-0,030	1,028	-0,363	0,242	0,054	0,000	0,000	0,000
162241,1975	0,026	-0,030	1,028	-0,705	0,302	0,027	0,000	0,000	0,000
162241,2079	0,025	-0,029	1,029	-0,504	0,342	-0,067	-0,052	-0,085	0,115
162241,2170	0,025	-0,029	1,028	-0,826	0,342	0,040	-0,052	-0,085	0,115
162241,2260	0,026	-0,029	1,028	-0,745	0,524	0,067	-0,052	-0,082	0,112
162241,2347	0,025	-0,029	1,029	-0,564	0,383	-0,134	-0,052	-0,085	0,115
162241,2450	0,025	-0,029	1,029	-0,262	0,242	0,121	0,000	0,000	0,000
162241,2537	0,026	-0,030	1,028	-0,020	0,242	0,242	0,000	0,000	0,000
162241,2627	0,025	-0,030	1,028	-0,504	0,242	0,067	0,000	0,000	0,000
162241,2716	0,025	-0,029	1,028	-0,584	0,302	0,054	0,000	0,000	0,000
162241,2806	0,026	-0,029	1,028	-0,302	0,564	-0,107	-0,052	-0,085	0,115
162241,2895	0,026	-0,030	1,029	-0,222	0,504	0,134	-0,048	-0,085	0,115
162241,2985	0,025	-0,030	1,029	-0,564	0,342	0,000	-0,052	-0,085	0,115
162241,3086	0,027	-0,031	1,028	-0,705	0,443	0,094	0,000	0,000	0,000
162241,3187	0,026	-0,030	1,028	-0,524	0,302	-0,107	0,000	0,000	0,000
162241,3273	0,026	-0,030	1,029	-0,302	0,363	-0,107	-0,052	-0,085	0,115
162241,3375	0,026	-0,029	1,028	-0,504	0,363	0,121	-0,052	-0,085	0,115
162241,3478	0,026	-0,030	1,028	-0,403	0,846	0,094	0,000	0,000	0,000
162241,3568	0,026	-0,029	1,028	-0,282	0,443	0,174	0,000	0,000	0,000
162241,3656	0,025	-0,029	1,029	-0,483	0,483	-0,013	0,000	0,000	0,000
162241,3756	0,026	-0,030	1,029	-0,604	0,564	0,013	-0,052	-0,085	0,115
162241,3856	0,025	-0,030	1,029	-0,403	0,564	0,027	-0,052	-0,085	0,112
162241,3946	0,025	-0,029	1,029	-0,302	0,141	0,000	-0,052	-0,085	0,115
162241,4037	0,026	-0,029	1,029	-0,584	0,423	-0,054	0,000	0,000	0,000
162241,4127	0,026	-0,030	1,029	-0,544	0,584	0,094	-0,052	-0,085	0,115
162241,4227	0,027	-0,030	1,029	-0,423	0,363	0,107	-0,052	-0,085	0,112
162241,4314	0,026	-0,030	1,029	-0,524	0,544	0,134	-0,052	-0,085	0,115
162241,4404	0,026	-0,029	1,029	-0,383	0,262	0,174	0,000	0,000	0,000
162241,4504	0,026	-0,030	1,029	-0,282	0,383	-0,013	0,000	0,000	0,000
162241,4593	0,026	-0,031	1,029	-0,443	0,242	0,094	-0,052	-0,085	0,112
162241,4697	0,027	-0,031	1,028	-0,342	0,342	0,013	-0,052	-0,085	0,115
162241,4787	0,025	-0,030	1,029	-0,383	0,504	-0,081	-0,052	-0,085	0,112
162241,4876	0,026	-0,030	1,028	-0,564	0,524	-0,054	-0,052	-0,085	0,115
162241,4966	0,026	-0,030	1,028	-0,302	0,322	0,188	0,000	0,000	0,000
162241,5067	0,025	-0,029	1,029	-0,423	0,504	0,000	0,000	0,000	0,000
162241,5157	0,026	-0,029	1,028	-0,262	0,383	-0,040	0,000	0,000	0,000
162241,5246	0,026	-0,030	1,028	-0,342	0,121	0,268	-0,052	-0,085	0,115
162241,5337	0,025	-0,030	1,029	-0,443	0,242	0,282	-0,052	-0,085	0,115
162241,5436	0,026	-0,030	1,029	-0,443	0,584	0,081	-0,052	-0,085	0,112
162241,5526	0,026	-0,030	1,028	-0,443	0,524	0,000	0,000	0,000	0,000
162241,5618	0,026	-0,030	1,028	-0,504	0,524	0,121	0,000	0,000	0,000
162241,5708	0,026	-0,030	1,029	-0,363	0,302	0,013	0,000	0,000	0,000
162241,5797	0,026	-0,029	1,029	-0,423	0,282	0,094	-0,052	-0,082	0,115
162241,5888	0,025	-0,029	1,030	-0,222	0,242	-0,040	-0,052	-0,085	0,115
162241,5987	0,025	-0,029	1,029	-0,383	0,383	-0,013	0,000	0,000	0,000
162241,6077	0,025	-0,029	1,028	-0,383	0,020	-0,040	0,000	0,000	0,000
162241,6177	0,026	-0,029	1,029	-0,504	-0,060	-0,040	0,000	0,000	0,000
162241,6266	0,027	-0,030	1,029	-0,242	0,020	0,161	0,000	0,000	0,000
162241,6356	0,026	-0,030	1,028	-0,725	0,302	0,081	-0,052	-0,085	0,115
162241,6447	0,025	-0,030	1,028	-0,504	0,302	0,188	0,000	0,000	0,000
162241,6536	0,025	-0,029	1,029	-0,584	0,161	0,309	-0,052	-0,085	0,115
162241,6628	0,025	-0,030	1,029	-0,322	0,101	0,174	-0,052	-0,082	0,112
162241,6720	0,026	-0,029	1,029	-0,604	0,262	0,027	0,000	0,000	0,000
162241,6813	0,026	-0,030	1,028	-0,524	0,262	0,054	0,000	0,000	0,000
162241,6922	0,026	-0,029	1,029	-0,624	0,201	-0,027	-0,055	-0,085	0,115
162241,7011	0,026	-0,029	1,029	-0,383	0,121	0,054	-0,052	-0,085	0,112
162241,7111	0,026	-0,029	1,029	-0,383	0,383	0,107	-0,052	-0,085	0,115
162241,7212	0,026	-0,030	1,029	-0,645	0,584	-0,027	-0,052	-0,082	0,115
162241,7300	0,024	-0,029	1,029	-0,524	0,504	-0,013	0,000	0,000	0,000
162241,7393	0,025	-0,029	1,028	-0,121	0,665	0,000	0,000	0,000	0,000
162241,7502	0,026	-0,029	1,029	-0,463	0,483	-0,148	0,000	0,000	0,000
162241,7591	0,026	-0,030	1,029	-0,262	0,544	-0,013	0,000	0,000	0,000
162241,7681	0,025	-0,030	1,029	-0,483	0,705	0,295	-0,052	-0,085	0,115
162241,7771	0,026	-0,030	1,028	-0,624	0,342	0,013	-0,052	-0,085	0,115
162241,7859	0,026	-0,029	1,028	-0,624	0,302	0,013	0,000	0,000	0,000
162241,7950	0,026	-0,030	1,028	-0,705	0,242	-0,040	0,000	0,000	0,000
162241,8042	0,025	-0,030	1,028	-0,201	0,302	-0,174	0,000	0,000	0,000
162241,8126	0,026	-0,030	1,028	-0,564	0,483	0,107	-0,052	-0,085	0,118
162241,8216	0,025	-0,029	1,028	-0,363	0,564	0,027	-0,052	-0,085	0,112
162241,8310	0,025	-0,029	1,028	-0,483	0,423	0,054	-0,052	-0,085	0,115
162241,8411	0,025	-0,030	1,029	-0,483	0,463	0,067	0,000	0,000	0,000
162241,8500	0,026	-0,031	1,028	-0,524	0,463	-0,013	0,000	0,000	0,000
162241,8587	0,026	-0,029	1,028	-0,423	0,161	0,174	-0,052	-0,085	0,112
162241,8677	0,025	-0,029	1,028	-0,222	0,564	0,094	-0,052	-0,085	0,115
162241,8766	0,025	-0,029	1,029	-0,403	0,342	0,121	-0,052	-0,085	0,115
162241,8866	0,026	-0,031	1,029	-0,483	0,403	0,107	0,000	0,000	0,000
162241,8967	0,026	-0,030	1,028	-0,483	0,504	-0,201	0,000	0,000	0,000
162241,9067	0,025	-0,029	1,029	-0,624	0,504	-0,081	0,000	0,000	0,000
162241,9167	0,025	-0,030	1,028	-0,403	0,302	0,094	-0,052	-0,085	0,115
162241,9269	0,025	-0,030	1,029	-0,685	0,564	0,121	-0,052	-0,085	0,115
162241,9363	0,025	-0,030	1,029	-0,524	0,544	0,215	-0,052	-0,085	0,115
162241,9453	0,025	-0,029	1,028	-0,121	0,483	0,121	0,000	0,000	0,000
162241,9552	0,025	-0,029	1,028	-0,564	0,383	0,000	0,000	0,000	0,000
162241,9641	0,025	-0,030	1,029	-0,463	0,242	0,027	0,000	0,000	0,000
162241,9731	0,026	-0,031	1,029	-0,826	0,584	-0,201	-0,052	-0,085	0,115
162241,9821	0,026	-0,030	1,029	-0,383	0,483	0,081	-0,052	-0,085	0,112
162241,9911	0,026	-0,030	1,028	-0,745	0,282	0,081	-0,052	-0,085	0,115
162242,0000	0,026	-0,030	1,028	-0,584	0,524	0,094	-0,052	-0,085	0,115
162242,0090	0,025	-0,029	1,030	-0,302	0,363	-0,054	0,000	0,000	0,000
162242,0180	0,026	-0,030	1,029	-0,302	0,201	-0,134	0,000	0,000	0,000
162242,0270	0,026	-0,030	1,028	-0,423	0,524	0,161	-0,052	-0,085	0,115
162242,0359	0,025	-0,029	1,028	-0,645	0,121	0,013	-0,052	-0,085	0,115
162242,0449	0,025	-0,030	1,029	-0,463	0,524	0,161	-0,052	-0,085	0,115
162242,0539	0,026	-0,030	1,030	-0,423	0,262	0,094	-0,052	-0,085	0,115
162242,0629	0,027	-0,031	1,029	-0,423	0,121	-0,054	0,000	0,000	0,000
162242,0731	0,026	-0,029	1,029	-0,624	0,423	0,000	0,000	0,000	0,000
162242,0818	0,026	-0,030	1,028	-0,544	0,081	-0,067	-0,052	-0,085	0,115
162242,0907	0,026	-0,030	1,029	-0,524	0,282	0,027	-0,052	-0,085	0,115
162242,1010	0,026	-0,030	1,029	-0,181	0,765	-0,040	-0,055	-0,082	0,112
162242,1110	0,026	-0,030	1,028	-0,786	0,242	-0,255	-0,052	-0,085	0,115
162242,1200	0,026	-0,029	1,028	-0,624	0,443	0,054	-0,052	-0,085	0,115
162242,1299	0,026	-0,030	1,028	-0,463	0,423	0,067	0,000	0,000	0,000
162242,1388	0,026	-0,030	1,029	-0,483	0,483	-0,013	0,000	0,000	0,000
162242,1488	0,027	-0,031	1,029	-0,544	0,081	0,188	0,000	0,000	0,000
162242,1578	0,025	-0,030	1,028	-0,544	0,383	-0,067	-0,052	-0,085	0,115
162242,1667	0,025	-0,029	1,028	-0,725	0,403	-0,148	-0,052	-0,085	0,112
162242,1755	0,027	-0,030	1,029	-0,504	0,060	0,067	0,000	0,000	0,000
162242,1845	0,026	-0,030	1,029	-0,423	0,282	-0,134	0,000	0,000	0,000
162242,1945	0,026	-0,031	1,028	-0,383	0,705	0,081	-0,052	-0,085	0,115
162242,2034	0,024	-0,029	1,028	-0,342	0,463	0,067	-0,052	-0,085	0,115
162242,2124	0,025	-0,029	1,029	-0,584	0,524	0,094	0,000	0,000	0,000
162242,2214	0,026	-0,030	1,029	-0,826	0,363	0,054	0,000	0,000	0,000
162242,2314	0,025	-0,030	1,029	-0,383	0,463	0,174	0,000	0,000	0,000
162242,2414	0,025	-0,030	1,028	-0,544	0,504	-0,054	0,000	0,000	0,000
162242,2503	0,025	-0,030	1,028	-0,403	0,201	-0,161	-0,052	-0,085	0,118
162242,2595	0,025	-0,030	1,028	-0,504	0,242	-0,295	-0,052	-0,082	0,112
162242,2684	0,026	-0,030	1,029	-0,765	0,443	-0,094	-0,052	-0,085	0,115
162242,2783	0,027	-0,030	1,029	-0,504	0,383	0,107	-0,052	-0,085	0,115
162242,2874	0,026	-0,030	1,029	-0,665	0,886	0,027	-0,052	-0,085	0,115
162242,2974	0,026	-0,030	1,028	-0,604	0,222	0,161	0,000	0,000	0,000
162242,3063	0,026	-0,030	1,028	-0,443	0,282	-0,027	0,000	0,000	0,000
162242,3154	0,026	-0,030	1,029	-0,201	0,524	-0,013	-0,052	-0,088	0,115
162242,3254	0,026	-0,030	1,028	-0,342	0,665	0,081	-0,052	-0,085	0,115
162242,3353	0,026	-0,030	1,028	-0,201	0,161	0,094	-0,052	-0,085	0,118
162242,3443	0,025	-0,029	1,027	-0,242	0,081	-0,081	-0,052	-0,085	0,112
162242,3533	0,025	-0,030	1,028	-0,604	0,242	-0,013	0,000	0,000	0,000
162242,3623	0,027	-0,030	1,029	-0,483	0,604	0,148	0,000	0,000	0,000
162242,3732	0,025	-0,030	1,028	-0,383	0,000	-0,094	-0,052	-0,085	0,115
162242,3814	0,026	-0,030	1,028	-0,242	0,383	0,000	-0,052	-0,085	0,112
162242,3914	0,026	-0,030	1,029	-0,322	0,322	0,040	0,000	0,000	0,000
162242,4015	0,027	-0,030	1,028	-0,383	0,443	0,081	0,000	0,000	0,000
162242,4110	0,026	-0,030	1,028	-0,483	0,383	0,188	0,000	0,000	0,000
162242,4200	0,025	-0,029	1,028	-0,584	0,282	-0,067	-0,052	-0,085	0,112
162242,4285	0,025	-0,029	1,029	-0,544	0,121	-0,067	-0,052	-0,085	0,118
162242,4375	0,025	-0,029	1,030	-0,483	0,081	0,094	-0,052	-0,085	0,115
162242,4472	0,025	-0,029	1,028	-0,524	0,564	0,282	0,000	0,000	0,000
162242,4564	0,025	-0,030	1,028	-0,504	0,564	-0,054	0,000	0,000	0,000
162242,4672	0,025	-0,030	1,028	-0,282	0,242	0,242	0,000	0,000	0,000
162242,4762	0,026	-0,029	1,029	-0,242	0,201	0,268	0,000	0,000	0,000
162242,4852	0,026	-0,029	1,030	-0,342	0,161	-0,027	-0,052	-0,085	0,115
162242,4951	0,026	-0,030	1,028	-0,685	0,342	0,134	-0,052	-0,085	0,118
162242,5034	0,025	-0,029	1,028	-0,222	0,564	0,107	-0,052	-0,085	0,112
162242,5126	0,026	-0,030	1,028	-0,504	0,584	0,134	-0,052	-0,085	0,115
162242,5227	0,026	-0,029	1,029	-0,383	0,665	-0,107	0,000	0,000	0,000
162242,5317	0,026	-0,030	1,029	-0,685	0,463	0,107	0,000	0,000	0,000
162242,5407	0,026	-0,030	1,028	-0,624	0,504	-0,121	0,000	0,000	0,000
162242,5497	0,025	-0,030	1,028	-0,322	0,564	-0,040	0,000	0,000	0,000
162242,5586	0,025	-0,030	1,029	-0,504	0,201	0,282	-0,052	-0,085	0,115
162242,5676	0,026	-0,030	1,029	-0,342	0,201	0,161	-0,052	-0,085	0,115
162242,5771	0,026	-0,031	1,028	-0,544	0,282	0,201	0,000	0,000	0,000
162242,5860	0,025	-0,030	1,029	-0,624	0,262	0,148	0,000	0,000	0,000
162242,5952	0,025	-0,029	1,029	-0,544	0,181	0,188	-0,052	-0,085	0,115
162242,6051	0,026	-0,030	1,029	-0,423	0,282	-0,040	-0,052	-0,085	0,115
162242,6142	0,025	-0,030	1,029	-0,181	0,443	0,255	-0,052	-0,085	0,118
162242,6225	0,025	-0,030	1,029	-0,443	0,504	0,174	-0,052	-0,085	0,112
162242,6325	0,025	-0,030	1,029	-0,524	0,161	0,027	0,000	0,000	0,000
162242,6415	0,026	-0,030	1,029	-0,201	0,302	-0,148	0,000	0,000	0,000
162242,6507	0,026	-0,030	1,029	-0,342	0,302	-0,040	0,000	0,000	0,000
162242,6599	0,025	-0,030	1,029	-0,624	0,081	0,000	-0,052	-0,085	0,112
162242,6689	0,026	-0,030	1,028	-0,181	0,463	0,094	-0,052	-0,085	0,115
162242,6778	0,026	-0,029	1,029	-0,383	0,443	-0,121	-0,052	-0,082	0,115
162242,6880	0,025	-0,029	1,029	-0,564	0,222	0,081	-0,052	-0,082	0,115
162242,6969	0,025	-0,029	1,028	-0,201	0,504	0,242	0,000	0,000	0,000
162242,7071	0,025	-0,029	1,029	-0,463	0,141	0,067	0,000	0,000	0,000
162242,7158	0,025	-0,030	1,028	-0,423	0,262	0,188	-0,052	-0,085	0,115
162242,7247	0,025	-0,029	1,029	-0,403	0,302	-0,134	-0,052	-0,085	0,115
162242,7337	0,026	-0,030	1,029	-0,282	0,423	0,000	-0,052	-0,085	0,115
162242,7427	0,026	-0,030	1,028	-0,645	0,181	-0,067	0,000	0,000	0,000
162242,7517	0,026	-0,030	1,028	-0,584	0,564	-0,054	0,000	0,000	0,000
162242,7606	0,025	-0,029	1,029	-0,201	0,584	0,081	0,000	0,000	0,000
162242,7707	0,025	-0,030	1,029	-0,645	0,584	0,013	-0,052	-0,085	0,115
162242,7797	0,026	-0,030	1,029	-0,463	0,363	0,215	-0,052	-0,085	0,112
162242,7886	0,025	-0,029	1,028	-0,222	0,463	0,013	-0,052	-0,085	0,115
162242,7976	0,026	-0,029	1,029	-0,504	0,383	0,013	0,000	0,000	0,000
162242,8066	0,025	-0,030	1,029	-0,604	0,524	0,054	0,000	0,000	0,000
162242,8168	0,026	-0,030	1,029	-0,322	0,242	0,000	0,000	0,000	0,000
162242,8257	0,026	-0,029	1,029	-0,564	0,201	0,027	-0,052	-0,085	0,115
162242,8343	0,026	-0,030	1,029	-0,322	0,624	0,040	-0,052	-0,085	0,115
162242,8446	0,025	-0,030	1,028	-0,544	0,665	-0,040	-0,052	-0,085	0,115
162242,8547	0,026	-0,030	1,029	-0,544	0,483	0,054	0,000	0,000	0,000
162242,8637	0,026	-0,030	1,029	-0,322	0,604	0,040	0,000	0,000	0,000
162242,8726	0,026	-0,030	1,029	-0,584	0,363	-0,121	-0,052	-0,085	0,115
162242,8826	0,026	-0,029	1,029	-0,282	0,403	-0,362	-0,052	-0,082	0,115
162242,8916	0,026	-0,030	1,029	-0,443	0,342	0,040	-0,052	-0,085	0,115
162242,9016	0,025	-0,029	1,030	-0,584	0,403	-0,134	-0,052	-0,085	0,112
162242,9105	0,026	-0,029	1,029	-0,504	0,161	0,201	0,000	0,000	0,000
162242,9195	0,026	-0,030	1,029	-0,624	0,524	0,268	0,000	0,000	0,000
162242,9285	0,026	-0,029	1,029	-0,564	0,423	0,161	-0,052	-0,085	0,115
162242,9375	0,025	-0,030	1,029	-0,584	0,624	0,054	-0,052	-0,085	0,112
162242,9464	0,025	-0,030	1,029	-0,463	0,604	0,081	-0,052	-0,085	0,115
162242,9554	0,025	-0,030	1,028	-0,725	0,383	-0,027	0,000	0,000	0,000
162242,9654	0,025	-0,030	1,029	-0,322	0,423	0,000	0,000	0,000	0,000
162242,9754	0,026	-0,030	1,029	-0,161	0,282	0,067	0,000	0,000	0,000
162242,9854	0,025	-0,029	1,028	-0,483	0,000	-0,013	-0,052	-0,085	0,115
162242,9954	0,026	-0,031	1,029	-0,504	0,443	0,268	-0,052	-0,082	0,115
162243,0056	0,025	-0,030	1,029	-0,181	0,383	0,161	-0,052	-0,085	0,115
162243,0146	0,026	-0,030	1,029	-0,242	0,463	0,054	0,000	0,000	0,000
162243,0235	0,025	-0,030	1,028	-0,282	0,242	-0,040	0,000	0,000	0,000
162243,0325	0,025	-0,030	1,028	-0,504	0,282	0,040	0,000	0,000	0,000
162243,0415	0,026	-0,030	1,029	-0,524	0,423	0,107	0,000	0,000	0,000
162243,0504	0,025	-0,030	1,029	-0,383	0,604	-0,201	-0,052	-0,085	0,118
162243,0594	0,025	-0,030	1,029	-0,403	0,604	0,268	-0,052	-0,082	0,112
162243,0685	0,025	-0,030	1,029	-0,201	0,624	0,000	-0,052	-0,085	0,115
162243,0790	0,026	-0,030	1,029	-0,423	0,524	-0,107	0,000	0,000	0,000
162243,0880	0,026	-0,030	1,029	-0,645	0,423	-0,188	0,000	0,000	0,000
162243,0970	0,026	-0,030	1,029	-0,483	0,181	-0,228	0,000	0,000	0,000
162243,1060	0,025	-0,029	1,029	-0,483	0,302	-0,161	0,000	0,000	0,000
162243,1149	0,025	-0,029	1,028	-0,524	0,081	0,161	-0,052	-0,085	0,115
162243,1239	0,026	-0,030	1,028	-0,081	0,383	-0,054	-0,052	-0,085	0,115
162243,1339	0,026	-0,030	1,028	-0,222	0,020	-0,067	-0,052	-0,085	0,118
162243,1429	0,026	-0,030	1,029	-0,483	0,483	0,148	0,000	0,000	0,000
162243,1516	0,025	-0,030	1,028	-0,443	0,282	0,255	0,000	0,000	0,000
162243,1606	0,026	-0,030	1,028	-0,463	0,302	-0,040	0,000	0,000	0,000
162243,1696	0,026	-0,029	1,029	-0,564	0,443	0,054	-0,052	-0,085	0,115
162243,1787	0,025	-0,029	1,029	-0,483	0,423	0,000	-0,052	-0,085	0,112
162243,1890	0,025	-0,030	1,029	-0,504	0,524	0,040	-0,052	-0,085	0,115
162243,1979	0,026	-0,030	1,029	-0,342	0,624	0,027	-0,052	-0,085	0,115
162243,2081	0,026	-0,030	1,029	-0,383	0,262	0,040	0,000	0,000	0,000
162243,2171	0,025	-0,030	1,029	-0,443	0,363	0,121	0,000	0,000	0,000
162243,2260	0,025	-0,030	1,029	-0,383	0,302	0,081	0,000	0,000	0,000
162243,2350	0,026	-0,030	1,028	-0,403	0,846	0,228	-0,052	-0,085	0,115
162243,2451	0,025	-0,029	1,029	-0,383	0,383	0,054	-0,052	-0,085	0,115
162243,2540	0,026	-0,030	1,029	-0,302	0,161	0,054	-0,052	-0,085	0,115
162243,2632	0,025	-0,029	1,029	-0,504	0,161	-0,121	-0,052	-0,085	0,112
162243,2721	0,025	-0,030	1,029	-0,584	0,342	-0,040	0,000	0,000	0,000
162243,2811	0,025	-0,029	1,029	-0,262	0,081	0,134	0,000	0,000	0,000
162243,2911	0,025	-0,029	1,028	-0,081	0,121	0,148	0,000	0,000	0,000
162243,3000	0,026	-0,030	1,028	-0,544	0,383	-0,215	-0,052	-0,085	0,112
162243,3090	0,025	-0,030	1,028	-0,423	0,624	-0,040	-0,052	-0,085	0,115
162243,3192	0,026	-0,030	1,028	-0,826	0,302	0,201	0,000	0,000	0,000
162243,3275	0,024	-0,030	1,029	-0,604	0,161	0,094	0,000	0,000	0,000
162243,3382	0,026	-0,029	1,029	-0,665	0,383	-0,107	0,000	0,000	0,000
162243,3481	0,026	-0,029	1,029	-0,161	0,645	-0,054	-0,052	-0,085	0,115
162243,3567	0,027	-0,030	1,029	-0,282	0,141	0,000	-0,052	-0,082	0,115
162243,3671	0,025	-0,029	1,029	-0,242	0,322	-0,081	-0,052	-0,085	0,115
162243,3753	0,026	-0,029	1,029	-0,121	0,342	-0,067	0,000	0,000	0,000
162243,3844	0,026	-0,030	1,029	-0,745	0,524	-0,148	0,000	0,000	0,000
162243,3934	0,026	-0,030	1,029	-0,222	0,443	-0,013	0,000	0,000	0,000
162243,4024	0,026	-0,029	1,029	-0,423	0,262	-0,081	0,000	0,000	0,000
162243,4113	0,026	-0,030	1,029	-0,564	0,383	-0,188	-0,052	-0,085	0,118
162243,4206	0,026	-0,030	1,029	-0,383	0,342	0,107	-0,052	-0,082	0,112
162243,4296	0,026	-0,031	1,028	-0,483	0,342	0,000	-0,052	-0,085	0,112
162243,4388	0,026	-0,030	1,029	-0,765	0,463	0,121	0,000	0,000	0,000
162243,4480	0,026	-0,030	1,028	-0,725	0,544	0,174	0,000	0,000	0,000
162243,4570	0,025	-0,030	1,029	-0,403	0,242	0,174	-0,048	-0,085	0,112
162243,4660	0,026	-0,031	1,028	-0,403	0,504	0,188	-0,052	-0,085	0,112
162243,4747	0,025	-0,029	1,029	-0,342	0,443	-0,134	0,000	0,000	0,000
162243,4846	0,026	-0,029	1,030	-0,403	0,504	0,161	0,000	0,000	0,000
162243,4936	0,025	-0,030	1,029	-0,504	0,282	-0,054	0,000	0,000	0,000
162243,5026	0,026	-0,030	1,029	-0,463	0,262	0,027	0,000	0,000	0,000
162243,5113	0,026	-0,030	1,029	-0,322	0,222	0,067	-0,052	-0,085	0,112
162243,5203	0,026	-0,030	1,029	-0,483	0,524	0,000	-0,052	-0,085	0,112
162243,5307	0,026	-0,030	1,028	-0,201	0,403	0,148	-0,052	-0,085	0,115
162243,5396	0,026	-0,030	1,028	-0,463	0,765	0,094	0,000	0,000	0,000
162243,5486	0,025	-0,030	1,028	-0,504	0,806	0,215	0,000	0,000	0,000
162243,5589	0,026	-0,030	1,029	-0,363	0,282	0,268	0,000	0,000	0,000
162243,5676	0,026	-0,030	1,029	-0,483	0,201	-0,054	-0,052	-0,085	0,115
162243,5766	0,026	-0,030	1,029	-0,604	0,604	-0,067	-0,052	-0,085	0,112
162243,5855	0,025	-0,030	1,028	-0,463	0,383	0,027	-0,052	-0,085	0,115
162243,5945	0,026	-0,030	1,028	-0,161	0,483	0,081	0,000	0,000	0,000
162243,6035	0,025	-0,030	1,028	-0,463	0,383	0,040	0,000	0,000	0,000
162243,6136	0,025	-0,029	1,029	-0,463	0,584	-0,081	0,000	0,000	0,000
162243,6236	0,025	-0,029	1,029	-0,524	0,443	0,000	0,000	0,000	0,000
162243,6325	0,025	-0,029	1,028	-0,504	0,504	0,000	0,000	0,000	0,000
162243,6415	0,025	-0,029	1,029	-0,443	0,624	0,134	0,000	0,000	0,000
162243,6505	0,026	-0,030	1,029	-0,423	0,121	0,188	-0,052	-0,085	0,115
162243,6604	0,025	-0,029	1,028	-0,443	0,342	0,054	0,000	0,000	0,000
162243,6694	0,025	-0,029	1,029	-0,302	0,403	0,121	0,000	0,000	0,000
162243,6784	0,027	-0,030	1,029	-0,403	0,141	0,322	0,000	0,000	0,000
162243,6874	0,027	-0,030	1,028	-0,282	0,222	0,121	-0,052	-0,085	0,115
162243,6964	0,026	-0,030	1,029	-0,483	0,483	-0,228	-0,052	-0,082	0,112
162243,7064	0,025	-0,029	1,029	-0,504	0,161	-0,013	-0,052	-0,085	0,115
162243,7153	0,026	-0,029	1,029	-0,282	0,504	-0,027	0,000	0,000	0,000
162243,7243	0,025	-0,030	1,028	-0,604	0,383	0,081	0,000	0,000	0,000
162243,7346	0,026	-0,030	1,028	-0,483	0,504	0,148	0,000	0,000	0,000
162243,7436	0,025	-0,029	1,029	-0,302	0,282	0,081	0,000	0,000	0,000
162243,7525	0,025	-0,029	1,028	-0,363	0,161	0,174	-0,052	-0,085	0,112
162243,7615	0,025	-0,029	1,029	-0,141	0,101	-0,094	-0,052	-0,085	0,112
162243,7715	0,026	-0,030	1,027	-0,222	0,383	0,027	-0,052	-0,085	0,115
162243,7805	0,025	-0,029	1,029	-0,443	0,322	-0,054	0,000	0,000	0,000
162243,7897	0,026	-0,029	1,028	-0,423	0,443	0,000	0,000	0,000	0,000
162243,7986	0,025	-0,029	1,029	-0,584	-0,040	0,054	-0,052	-0,085	0,112
162243,8076	0,025	-0,030	1,029	-0,322	0,483	0,161	-0,052	-0,085	0,115
162243,8165	0,025	-0,030	1,028	-0,463	0,181	0,013	-0,052	-0,082	0,112
162243,8255	0,026	-0,030	1,029	-0,483	0,584	0,000	0,000	0,000	0,000
162243,8355	0,026	-0,029	1,028	-0,403	0,242	0,107	0,000	0,000	0,000
162243,8455	0,025	-0,029	1,029	-0,342	0,383	-0,188	0,000	0,000	0,000
162243,8562	0,026	-0,029	1,029	-0,201	0,282	-0,148	0,000	0,000	0,000
162243,8643	0,026	-0,031	1,029	-0,242	0,665	-0,107	-0,052	-0,085	0,112
162243,8746	0,026	-0,030	1,029	-0,302	0,363	-0,040	-0,052	-0,085	0,112
162243,8846	0,026	-0,030	1,028	-0,463	0,201	-0,228	-0,052	-0,085	0,112
162243,8933	0,025	-0,030	1,029	-0,544	0,604	-0,121	-0,055	-0,085	0,112
162243,9033	0,025	-0,030	1,029	-0,544	0,564	-0,054	0,000	0,000	0,000
162243,9126	0,027	-0,030	1,028	-0,584	0,584	0,067	0,000	0,000	0,000
162243,9219	0,026	-0,030	1,029	-0,544	0,564	0,000	0,000	0,000	0,000
162243,9306	0,025	-0,030	1,028	-0,765	0,403	-0,054	-0,052	-0,085	0,115
162243,9396	0,026	-0,030	1,029	-0,645	0,504	0,134	-0,052	-0,085	0,112
162243,9485	0,026	-0,030	1,028	-0,403	0,322	-0,201	-0,052	-0,085	0,112
162243,9585	0,025	-0,029	1,028	-0,383	0,262	-0,027	-0,052	-0,085	0,112
162243,9673	0,025	-0,029	1,029	-0,443	0,322	0,201	0,000	0,000	0,000
162243,9774	0,024	-0,029	1,028	-0,604	0,423	-0,148	0,000	0,000	0,000
162243,9874	0,026	-0,029	1,029	-0,826	0,403	-0,067	0,000	0,000	0,000
162243,9974	0,026	-0,030	1,028	-0,242	0,584	-0,040	-0,052	-0,085	0,112
162244,0067	0,026	-0,030	1,029	-0,564	0,222	-0,094	-0,052	-0,085	0,112
162244,0157	0,025	-0,029	1,029	-0,705	0,282	-0,161	-0,052	-0,085	0,115
162244,0247	0,025	-0,029	1,028	-0,403	0,504	0,000	0,000	0,000	0,000
162244,0347	0,026	-0,029	1,029	-0,443	0,262	0,027	0,000	0,000	0,000
162244,0437	0,026	-0,029	1,030	-0,363	0,322	0,027	0,000	0,000	0,000
162244,0526	0,026	-0,030	1,028	-0,463	0,363	-0,067	0,000	0,000	0,000
162244,0617	0,025	-0,029	1,028	-0,443	0,584	0,054	-0,052	-0,085	0,112
162244,0719	0,025	-0,029	1,029	-0,624	0,705	0,228	-0,052	-0,085	0,112
162244,0812	0,025	-0,029	1,029	-0,423	0,463	0,201	-0,052	-0,085	0,112
162244,0892	0,026	-0,029	1,029	-0,282	0,242	0,201	0,000	0,000	0,000
162244,0993	0,027	-0,030	1,028	-0,383	0,302	-0,027	0,000	0,000	0,000
